colour	x	y	fill
#F8766D	0.614348456727865	0.477953242768132	#F8766D
#00B0F6	0.619670561686014	0.454502473727308	#00B0F6
#00B0F6	0.589260708384255	0.578994640463515	#00B0F6
#A3A500	0.448249880168897	0.48971245796953	#A3A500
#F8766D	0.61200242007439	0.372623367787796	#F8766D
#F8766D	0.57369658855452	0.478761101209966	#F8766D
#00BF7D	0.452709853689516	0.456808168534839	#00BF7D
#00B0F6	0.659785368324996	0.340432651580735	#00B0F6
#A3A500	0.511257339095217	0.374150494369645	#A3A500
#00BF7D	0.395921264663697	0.462500476666117	#00BF7D
#E76BF3	0.279997370046349	0.475613374894258	#E76BF3
#A3A500	0.444547074697498	0.593848267655467	#A3A500
#00BF7D	0.328731242682469	0.571267896406893	#00BF7D
#A3A500	0.436366092453685	0.479598585030182	#A3A500
#00BF7D	0.399959940361737	0.567055606739638	#00BF7D
#00B0F6	0.634603586990701	0.563007311374784	#00B0F6
#F8766D	0.564174135690932	0.36477184938963	#F8766D
#A3A500	0.484090739531925	0.486654871898081	#A3A500
#F8766D	0.546588198925638	0.471089543072011	#F8766D
#A3A500	0.44806563690918	0.47449830153858	#A3A500
#A3A500	0.39570924574861	0.492628961206727	#A3A500
#00B0F6	0.527050525281757	0.449487167934938	#00B0F6
#00BF7D	0.481487758076016	0.457109732850398	#00BF7D
#00BF7D	0.440419796683144	0.56770510418557	#00BF7D
#A3A500	0.416513952140953	0.581844543292826	#A3A500
#A3A500	0.485877411567177	0.364346864892605	#A3A500
#00B0F6	0.531505613206874	0.449024338520959	#00B0F6
#F8766D	0.593380067373582	0.369118358870506	#F8766D
#00B0F6	0.549347545195636	0.566736708795033	#00B0F6
#00BF7D	0.437217804831082	0.570160090212629	#00BF7D
#00BF7D	0.481220991043487	0.460961182780879	#00BF7D
#F8766D	0.527469140593318	0.467297313095352	#F8766D
#F8766D	0.536906363417877	0.37160663834593	#F8766D
#00BF7D	0.399704682547082	0.468439400932887	#00BF7D
#A3A500	0.45336284105292	0.477214302424716	#A3A500
#F8766D	0.620566739652359	0.495360686531447	#F8766D
#00BF7D	0.450854729390224	0.567424510766096	#00BF7D
#A3A500	0.508586097705209	0.469007384171776	#A3A500
#00B0F6	0.598851782086628	0.456754153082282	#00B0F6
#00B0F6	0.582095708455786	0.447648665600282	#00B0F6
#A3A500	0.448201350187535	0.464076541003066	#A3A500
#A3A500	0.405794602384177	0.358952788169134	#A3A500
#A3A500	0.42228025483558	0.382269002234107	#A3A500
#F8766D	0.58587181804535	0.474306143172038	#F8766D
#00BF7D	0.451322368722925	0.463374531375055	#00BF7D
#00BF7D	0.490027309974668	0.570345490354841	#00BF7D
#00BF7D	0.421816134816423	0.57233802644425	#00BF7D
#A3A500	0.50427933058982	0.370166945110949	#A3A500
#F8766D	0.527217636319287	0.474196581974132	#F8766D
#00BF7D	0.50505958102885	0.564590978035377	#00BF7D
#00BF7D	0.545072854053383	0.45667927766843	#00BF7D
#00BF7D	0.461213483138178	0.45552650113353	#00BF7D
#00BF7D	0.424856321325993	0.57266648079572	#00BF7D
#00B0F6	0.599928815435965	0.451849136637535	#00B0F6
#A3A500	0.407654310569136	0.499484721059113	#A3A500
#00B0F6	0.59266745275472	0.450532459443239	#00B0F6
#00B0F6	0.540563571245452	0.455131055744549	#00B0F6
#E76BF3	0.262564187543643	0.481085117841448	#E76BF3
#00B0F6	0.571116731385558	0.455811211077868	#00B0F6
#00BF7D	0.412240549943869	0.682176943893624	#00BF7D
#A3A500	0.43883778592834	0.483076983606398	#A3A500
#00BF7D	0.495421295272448	0.563676498315902	#00BF7D
#A3A500	0.491576869950481	0.368239044192909	#A3A500
#E76BF3	0.210727810475718	0.607246122361978	#E76BF3
#00BF7D	0.470271441176756	0.46163321835712	#00BF7D
#00BF7D	0.428487246457762	0.451748894107897	#00BF7D
#A3A500	0.417025636963065	0.368156957085038	#A3A500
#A3A500	0.419026036958109	0.486044611704791	#A3A500
#F8766D	0.605259067188735	0.588258433474022	#F8766D
#F8766D	0.619470597067671	0.371483467056357	#F8766D
#00B0F6	0.592747002292857	0.33476797278838	#00B0F6
#F8766D	0.578468700680172	0.269794523640402	#F8766D
#00BF7D	0.455160207560444	0.455875118099521	#00BF7D
#F8766D	0.580597638794843	0.362310639863458	#F8766D
#00B0F6	0.54214992421516	0.457287561471908	#00B0F6
#A3A500	0.438797529419205	0.485976992299056	#A3A500
#00B0F6	0.639055062666045	0.456306494855705	#00B0F6
#00BF7D	0.525085361366982	0.457519286114834	#00BF7D
#A3A500	0.474867229067717	0.473471929419512	#A3A500
#A3A500	0.475512580973993	0.474881244461941	#A3A500
#A3A500	0.454669487536205	0.376022594511953	#A3A500
#F8766D	0.582588533869068	0.473744552192307	#F8766D
#A3A500	0.416871651251886	0.491085091188448	#A3A500
#F8766D	0.522258980153992	0.368536156821374	#F8766D
#F8766D	0.588797311872743	0.484698253664718	#F8766D
#00BF7D	0.458468903888628	0.571133186182154	#00BF7D
#00B0F6	0.607470883523417	0.45422542393187	#00B0F6
#00BF7D	0.381059665857726	0.462386184086281	#00BF7D
#00B0F6	0.633130552977532	0.355124194239408	#00B0F6
#E76BF3	0.167647614404893	0.601996132356771	#E76BF3
#E76BF3	0.151678549668818	0.620910160611083	#E76BF3
#00BF7D	0.446939648719731	0.237467287220974	#00BF7D
#F8766D	0.629028234972437	0.474576285632745	#F8766D
#00B0F6	0.555060523551355	0.454895643381994	#00B0F6
#A3A500	0.393119976595058	0.483444271069726	#A3A500
#00B0F6	0.593376829929663	0.560831930572292	#00B0F6
#F8766D	0.554313772863996	0.363266128647592	#F8766D
#A3A500	0.485631984138374	0.372609763834619	#A3A500
#00BF7D	0.50519099568771	0.459333578288656	#00BF7D
#A3A500	0.420666542913494	0.606809432527601	#A3A500
#00B0F6	0.585115653675128	0.457151818738163	#00B0F6
#00B0F6	0.570433771739787	0.453575422563662	#00B0F6
#A3A500	0.441418513641207	0.595772400722031	#A3A500
#00BF7D	0.490655430265041	0.465375311667489	#00BF7D
#00B0F6	0.528457799395934	0.464644884068638	#00B0F6
#00B0F6	0.560185412054515	0.460574136843811	#00B0F6
#F8766D	0.59674085489381	0.479434124981114	#F8766D
#A3A500	0.510237113958683	0.589593152797434	#A3A500
#A3A500	0.454544249116288	0.598518375659936	#A3A500
#00B0F6	0.520348469722158	0.443336357630829	#00B0F6
#00BF7D	0.390558030954234	0.459815717721492	#00BF7D
#00B0F6	0.582695046015247	0.455363912677974	#00B0F6
#A3A500	0.466350759558876	0.483428684588247	#A3A500
#00B0F6	0.52276331954436	0.448530187033622	#00B0F6
#F8766D	0.597287363852413	0.366677815881132	#F8766D
#F8766D	0.574968601532984	0.473441800118854	#F8766D
#A3A500	0.431429143254289	0.362177707589226	#A3A500
#00B0F6	0.610922149281134	0.56924195593433	#00B0F6
#F8766D	0.557399612815695	0.469116361315557	#F8766D
#F8766D	0.570034075031907	0.367743829393624	#F8766D
#A3A500	0.396229981650626	0.377003885355597	#A3A500
#00B0F6	0.600552240762506	0.576124101900349	#00B0F6
#A3A500	0.411416614920114	0.485562807434185	#A3A500
#E76BF3	0.331762697119685	0.478303393807543	#E76BF3
#00BF7D	0.463996633607358	0.450710758826221	#00BF7D
#A3A500	0.423014207359896	0.365976340978339	#A3A500
#F8766D	0.598150819674763	0.37426809519278	#F8766D
#00B0F6	0.630398579561081	0.442559361654176	#00B0F6
#E76BF3	0.172672293678424	0.611969506515991	#E76BF3
#00BF7D	0.398176638905498	0.461981710877164	#00BF7D
#00B0F6	0.563448780405605	0.570735789067813	#00B0F6
#F8766D	0.635922621391523	0.484039293454925	#F8766D
#F8766D	0.601798976422435	0.359730002234738	#F8766D
#E76BF3	0.273577118206456	0.484108322488133	#E76BF3
#A3A500	0.441327851229534	0.489923759952746	#A3A500
#00B0F6	0.557912033348348	0.4415526235629	#00B0F6
#A3A500	0.45962238586382	0.485088943007316	#A3A500
#00BF7D	0.430411467493681	0.458019132514555	#00BF7D
#A3A500	0.466660566703546	0.376572422329076	#A3A500
#00B0F6	0.569720704978283	0.565888300896717	#00B0F6
#00B0F6	0.608711046600065	0.444673726026376	#00B0F6
#00B0F6	0.631387012292377	0.455356321507626	#00B0F6
#00B0F6	0.581523886738996	0.561583248935382	#00B0F6
#F8766D	0.589715868561463	0.371792038488141	#F8766D
#00BF7D	0.427163425855153	0.679033123386496	#00BF7D
#A3A500	0.444199695252983	0.487624983633241	#A3A500
#00B0F6	0.543323696821399	0.559594815859679	#00B0F6
#00BF7D	0.492081486451262	0.569599891568587	#00BF7D
#F8766D	0.5631719569159	0.483157523129692	#F8766D
#00BF7D	0.455306750144438	0.450043858772692	#00BF7D
#00BF7D	0.432905505949333	0.459276185614248	#00BF7D
#00BF7D	0.409179604349092	0.454504132246675	#00BF7D
#F8766D	0.589687127727687	0.367880200495592	#F8766D
#00B0F6	0.572260113308167	0.455644506097448	#00B0F6
#A3A500	0.442877559939879	0.601218261477863	#A3A500
#A3A500	0.446738423670632	0.484439345779889	#A3A500
#E76BF3	0.209285074209951	0.481618022308798	#E76BF3
#F8766D	0.567901028929412	0.377195757888815	#F8766D
#00BF7D	0.349422354706133	0.684133282432152	#00BF7D
#00BF7D	0.481042917565226	0.467329598699163	#00BF7D
#00B0F6	0.529613660474036	0.567630801672546	#00B0F6
#00BF7D	0.480128375928103	0.458048826871488	#00BF7D
#00B0F6	0.53407011468111	0.448707467418756	#00B0F6
#00B0F6	0.605067868384124	0.446989301249707	#00B0F6
#00BF7D	0.425779630475123	0.4629871367646	#00BF7D
#00B0F6	0.627255634445956	0.566127021502571	#00B0F6
#00BF7D	0.461164040715774	0.456742320941123	#00BF7D
#00BF7D	0.483102532871951	0.458408523164469	#00BF7D
#E76BF3	0.182911467450428	0.603286603350775	#E76BF3
#00BF7D	0.452223297451406	0.568169605630073	#00BF7D
#F8766D	0.565887108961954	0.375041347982409	#F8766D
#00BF7D	0.455858429964714	0.461158725562028	#00BF7D
#E76BF3	0.203249123184348	0.608565075290569	#E76BF3
#00BF7D	0.502892716167134	0.466478834934705	#00BF7D
#F8766D	0.634779239468915	0.484205998435345	#F8766D
#00BF7D	0.500009582539646	0.460140069059254	#00BF7D
#00BF7D	0.489854256925275	0.447894124780822	#00BF7D
#A3A500	0.403230200303656	0.475144410609365	#A3A500
#F8766D	0.599463089162363	0.366048785409009	#F8766D
#00B0F6	0.520757580112901	0.454692760500339	#00B0F6
#E76BF3	0.280227627652881	0.484521599289945	#E76BF3
#E76BF3	0.176741756404433	0.494917812796333	#E76BF3
#F8766D	0.586967996069689	0.385930289837503	#F8766D
#00BF7D	0.435731661091003	0.563708703787867	#00BF7D
#00B0F6	0.592086806029347	0.450955143541517	#00B0F6
#00B0F6	0.543493137621019	0.575808194328599	#00B0F6
#00B0F6	0.574080378031317	0.456349959568001	#00B0F6
#00BF7D	0.469175356088646	0.570228013977652	#00BF7D
#00BF7D	0.454749546713561	0.461831345192393	#00BF7D
#F8766D	0.569905083071366	0.484724135856075	#F8766D
#A3A500	0.534610639730712	0.354806470541541	#A3A500
#F8766D	0.564985365487872	0.473682752144904	#F8766D
#F8766D	0.665396325483974	0.477901558517265	#F8766D
#00BF7D	0.51153713036211	0.462771831549171	#00BF7D
#F8766D	0.567287526924953	0.380018839660767	#F8766D
#E76BF3	0.295968950416971	0.488641195641674	#E76BF3
#00B0F6	0.620172925761493	0.335509020106045	#00B0F6
#A3A500	0.396081618943762	0.592904417587994	#A3A500
#00BF7D	0.504349884846358	0.449521953500485	#00BF7D
#F8766D	0.577162698669472	0.476181147416864	#F8766D
#A3A500	0.442614347660546	0.478835683417826	#A3A500
#A3A500	0.426123490606093	0.483191375967727	#A3A500
#00BF7D	0.392466989231654	0.463038137179849	#00BF7D
#E76BF3	0.204547589131634	0.499056384004688	#E76BF3
#A3A500	0.454170777607637	0.484656771480724	#A3A500
#E76BF3	0.211938588246005	0.488587670600236	#E76BF3
#00B0F6	0.552526228586567	0.45653859897496	#00B0F6
#00BF7D	0.47988692165376	0.460722002566847	#00BF7D
#00B0F6	0.55180191411816	0.443616671355468	#00B0F6
#F8766D	0.618782205049255	0.473078964342619	#F8766D
#A3A500	0.485482976958925	0.483315380203317	#A3A500
#F8766D	0.613152204307263	0.474245655328475	#F8766D
#F8766D	0.610260019599871	0.369844379096362	#F8766D
#00B0F6	0.605490137842595	0.454440169757628	#00B0F6
#00B0F6	0.531944150801114	0.452890231489124	#00B0F6
#E76BF3	0.228308675773052	0.492932004128312	#E76BF3
#F8766D	0.553247894285332	0.47318700875889	#F8766D
#00BF7D	0.428069142483694	0.574801995977347	#00BF7D
#00BF7D	0.427519247346638	0.565870929092062	#00BF7D
#00BF7D	0.466534456041451	0.57003266679895	#00BF7D
#00B0F6	0.617980026332218	0.462230571944008	#00B0F6
#A3A500	0.456010052172424	0.498269709533085	#A3A500
#00B0F6	0.580051397804697	0.343020296325681	#00B0F6
#A3A500	0.457634784031819	0.475123464377732	#A3A500
#00BF7D	0.483160381901674	0.450060297849835	#00BF7D
#00BF7D	0.41315202441009	0.57453989314187	#00BF7D
#F8766D	0.554306010729261	0.475593450018335	#F8766D
#A3A500	0.481800547611119	0.481898169631252	#A3A500
#00BF7D	0.410824904662023	0.461898560457345	#00BF7D
#E76BF3	0.194542008105525	0.50151868150726	#E76BF3
#F8766D	0.520618212687635	0.475473797688346	#F8766D
#00B0F6	0.567114983514778	0.459140711422043	#00B0F6
#F8766D	0.609034339975771	0.37362730155805	#F8766D
#00BF7D	0.429936745938479	0.567338276330418	#00BF7D
#00BF7D	0.424900366815404	0.463028873978977	#00BF7D
#00BF7D	0.439206631654188	0.46238757642197	#00BF7D
#00B0F6	0.597016580070015	0.553426243121291	#00B0F6
#F8766D	0.596623095040729	0.372579958542895	#F8766D
#00BF7D	0.38198704755503	0.46299186814653	#00BF7D
#F8766D	0.554313772863996	0.363266128647592	#F8766D
#F8766D	0.541990995411902	0.380185140500406	#F8766D
#00BF7D	0.43279410650938	0.57080827545472	#00BF7D
#00B0F6	0.647782872876011	0.46256942178685	#00B0F6
#00BF7D	0.47954640481791	0.460334752051985	#00BF7D
#00BF7D	0.372397843316347	0.572689278971218	#00BF7D
#F8766D	0.594625401311903	0.48343783685433	#F8766D
#A3A500	0.42362104554312	0.489066728375075	#A3A500
#F8766D	0.535560459345242	0.373409751411269	#F8766D
#00B0F6	0.551274456898331	0.452683201279662	#00B0F6
#F8766D	0.623355966966768	0.491908574287371	#F8766D
#00BF7D	0.472545690426829	0.570400258621567	#00BF7D
#A3A500	0.455388369631966	0.492775807931915	#A3A500
#00BF7D	0.390880055743425	0.683814539736436	#00BF7D
#00BF7D	0.414295767237384	0.462545477809695	#00BF7D
#E76BF3	0.164258363161302	0.609135345417048	#E76BF3
#00BF7D	0.381587860486369	0.578733512311787	#00BF7D
#F8766D	0.569842388645004	0.469626547739255	#F8766D
#00B0F6	0.602827756900821	0.45055588598696	#00B0F6
#F8766D	0.614156486773063	0.362813334898302	#F8766D
#F8766D	0.604441435081529	0.377558538197654	#F8766D
#A3A500	0.502500746154339	0.480572993203548	#A3A500
#F8766D	0.63156398915541	0.374691767485965	#F8766D
#00BF7D	0.464631836120231	0.340471415714043	#00BF7D
#00BF7D	0.424696159375871	0.578356233497868	#00BF7D
#00B0F6	0.592987090285243	0.450555301932836	#00B0F6
#A3A500	0.437779350476862	0.475900988941114	#A3A500
#00B0F6	0.583059373507765	0.450944064214527	#00B0F6
#00BF7D	0.497337377669504	0.445032489591845	#00BF7D
#00BF7D	0.437121285188014	0.35184262144792	#00BF7D
#00BF7D	0.462604035275672	0.565877960872739	#00BF7D
#00B0F6	0.623717092455018	0.46694922471609	#00B0F6
#A3A500	0.446595854241098	0.484680881860063	#A3A500
#A3A500	0.427556763848178	0.485768469972412	#A3A500
#F8766D	0.602148778565268	0.477676192972694	#F8766D
#00B0F6	0.543006842893881	0.459467169734053	#00B0F6
#00B0F6	0.55484086917914	0.466027309075156	#00B0F6
#F8766D	0.585880133414714	0.386244805073565	#F8766D
#F8766D	0.514831704142431	0.471970964723856	#F8766D
#00BF7D	0.497437360827812	0.456186997774605	#00BF7D
#00BF7D	0.479686091250724	0.444323268269815	#00BF7D
#A3A500	0.463406802666989	0.388739263734002	#A3A500
#00BF7D	0.395980856479504	0.572933315013127	#00BF7D
#A3A500	0.443179680588329	0.33854897432765	#A3A500
#00B0F6	0.561548908647739	0.453322807156498	#00B0F6
#A3A500	0.395338480506176	0.607512889958695	#A3A500
#00BF7D	0.461329635038541	0.347221282438506	#00BF7D
#00B0F6	0.601376253123049	0.443887901792575	#00B0F6
#00BF7D	0.456620897251486	0.464227291178972	#00BF7D
#A3A500	0.412004704772672	0.368043248559326	#A3A500
#00BF7D	0.459972540755581	0.456261604646917	#00BF7D
#00BF7D	0.46710659676579	0.460867636869688	#00BF7D
#F8766D	0.587034670107995	0.491093963759695	#F8766D
#E76BF3	0.247576606451457	0.482396939207868	#E76BF3
#A3A500	0.458305908994681	0.47940154617131	#A3A500
#F8766D	0.597230478302823	0.484990510465305	#F8766D
#00BF7D	0.455522524298422	0.464720858612186	#00BF7D
#A3A500	0.469459624403809	0.479999414833769	#A3A500
#F8766D	0.55751883188696	0.477728965199962	#F8766D
#E76BF3	0.179223280264942	0.605275316121313	#E76BF3
#F8766D	0.64308400091446	0.474201462466462	#F8766D
#F8766D	0.614144971097704	0.36962518158351	#F8766D
#A3A500	0.45396428230315	0.491882902812297	#A3A500
#00B0F6	0.575422627957043	0.464906123155155	#00B0F6
#00BF7D	0.385825949266397	0.681331675478561	#00BF7D
#00BF7D	0.466185291913715	0.461625582872672	#00BF7D
#00BF7D	0.44064624970996	0.334281647852128	#00BF7D
#00B0F6	0.563412497050928	0.568046074513817	#00B0F6
#E76BF3	0.242144333501946	0.595297614720945	#E76BF3
#00B0F6	0.602732760430002	0.462124678816085	#00B0F6
#00BF7D	0.381383694943973	0.577463608073086	#00BF7D
#F8766D	0.525038157468712	0.36931013776072	#F8766D
#A3A500	0.404115640202318	0.592341054796246	#A3A500
#F8766D	0.552163041304684	0.357947331478756	#F8766D
#00BF7D	0.486458928836455	0.453669707777865	#00BF7D
#00BF7D	0.354466991701994	0.467909331589503	#00BF7D
#00BF7D	0.41398088216727	0.465749506465549	#00BF7D
#00BF7D	0.415013225554611	0.465287180973846	#00BF7D
#F8766D	0.562085000244482	0.360964492539669	#F8766D
#F8766D	0.578585461613468	0.4789372936187	#F8766D
#F8766D	0.583365944906788	0.475091383351715	#F8766D
#00B0F6	0.619597449897792	0.459802880093641	#00B0F6
#00B0F6	0.602519408974336	0.459170585692318	#00B0F6
#F8766D	0.594005043156265	0.476080694170942	#F8766D
#00B0F6	0.521269187598225	0.569855510859763	#00B0F6
#00B0F6	0.609676815342814	0.45492247795051	#00B0F6
#00B0F6	0.580092356282995	0.677787218592345	#00B0F6
#00B0F6	0.593597717448743	0.466908091205484	#00B0F6
#00BF7D	0.450823559400643	0.456133957005797	#00BF7D
#00BF7D	0.46618328761666	0.570546980900808	#00BF7D
#00BF7D	0.451695102822763	0.451822277404567	#00BF7D
#A3A500	0.463657308021236	0.484128598395305	#A3A500
#A3A500	0.433506402120693	0.484624621476154	#A3A500
#00BF7D	0.469406979977135	0.460675733533528	#00BF7D
#00BF7D	0.455970112972565	0.566649261937009	#00BF7D
#00BF7D	0.427429548415098	0.569986757592314	#00BF7D
#A3A500	0.363451937346064	0.595191206517451	#A3A500
#F8766D	0.576375782710933	0.468380573966552	#F8766D
#A3A500	0.469063907307874	0.484233907469104	#A3A500
#A3A500	0.451471887239866	0.493532162036223	#A3A500
#F8766D	0.594157797418852	0.375234743435751	#F8766D
#A3A500	0.419362848607957	0.359974932828548	#A3A500
#A3A500	0.471325584466225	0.469629382863221	#A3A500
#A3A500	0.454882385150956	0.470585455701479	#A3A500
#00BF7D	0.388469313909048	0.576652665615393	#00BF7D
#00B0F6	0.602380267620392	0.464502234000162	#00B0F6
#F8766D	0.52640261754207	0.472023277342947	#F8766D
#A3A500	0.333658956627777	0.489478388613759	#A3A500
#00B0F6	0.649817034133697	0.455549132906844	#00B0F6
#00BF7D	0.4159805447535	0.458223302935599	#00BF7D
#00BF7D	0.416796887915536	0.458533366484565	#00BF7D
#F8766D	0.558874240880415	0.482379594425528	#F8766D
#A3A500	0.510585534220119	0.476930569521989	#A3A500
#00BF7D	0.528722462737694	0.453840080828269	#00BF7D
#00BF7D	0.456143794895102	0.445226264521517	#00BF7D
#00BF7D	0.474103161271909	0.569367438775945	#00BF7D
#A3A500	0.410442800474732	0.370618750665333	#A3A500
#00BF7D	0.444271573894341	0.565116750940554	#00BF7D
#00BF7D	0.433508178648155	0.451862602633609	#00BF7D
#A3A500	0.501470145553081	0.599816382356894	#A3A500
#00BF7D	0.46971843697166	0.452381592650003	#00BF7D
#00BF7D	0.513466010922209	0.45204999881528	#00BF7D
#A3A500	0.465888233591269	0.478877824772985	#A3A500
#A3A500	0.485851051534583	0.488755197373379	#A3A500
#00B0F6	0.609283873694126	0.324106348203216	#00B0F6
#00BF7D	0.459809411028269	0.460908286107664	#00BF7D
#00B0F6	0.572254815768887	0.463097470426322	#00B0F6
#00BF7D	0.407779965692044	0.458343234960424	#00BF7D
#00B0F6	0.6094015068696	0.562284654859622	#00B0F6
#00BF7D	0.498835314195356	0.566038846494829	#00BF7D
#F8766D	0.596371455933333	0.475857548893271	#F8766D
#00B0F6	0.602115411948689	0.339213343616502	#00B0F6
#00BF7D	0.468483252426742	0.449710772820786	#00BF7D
#A3A500	0.412708324109936	0.481748643030987	#A3A500
#00BF7D	0.432315354303142	0.453245127421622	#00BF7D
#00B0F6	0.610974601377865	0.452471943610545	#00B0F6
#00BF7D	0.461134578072626	0.676485903652087	#00BF7D
#00BF7D	0.396446392121436	0.461929982312197	#00BF7D
#00BF7D	0.506064826974784	0.563123126874744	#00BF7D
#00BF7D	0.470873108498307	0.460852429864538	#00BF7D
#00B0F6	0.543553996325069	0.451905776497774	#00B0F6
#00BF7D	0.411162872121948	0.581887044474668	#00BF7D
#00B0F6	0.550319198453671	0.442255397158376	#00B0F6
#00B0F6	0.58519141423299	0.448124930207393	#00B0F6
#A3A500	0.514890425414332	0.492658276087331	#A3A500
#00BF7D	0.536443284215642	0.342789795258398	#00BF7D
#00BF7D	0.446803900001725	0.460142120566108	#00BF7D
#00BF7D	0.456694653512292	0.564121800676338	#00BF7D
#00BF7D	0.522130121328542	0.44984813211766	#00BF7D
#A3A500	0.415530406703431	0.475896133113237	#A3A500
#F8766D	0.599233929869329	0.370726708811267	#F8766D
#A3A500	0.427492058667275	0.483936470831704	#A3A500
#00B0F6	0.648182704417255	0.452022693485292	#00B0F6
#00BF7D	0.441134967135417	0.462345579162404	#00BF7D
#A3A500	0.464014553291255	0.48497791435668	#A3A500
#00B0F6	0.61318085220481	0.457938551035023	#00B0F6
#A3A500	0.417994925019359	0.464424753828274	#A3A500
#A3A500	0.421928406498555	0.489841473281886	#A3A500
#00B0F6	0.585007682310765	0.573774020806306	#00B0F6
#00B0F6	0.573755082056829	0.575607791759032	#00B0F6
#A3A500	0.465054071837324	0.499465366726156	#A3A500
#A3A500	0.446115416745354	0.480808685260938	#A3A500
#00B0F6	0.60095892845493	0.575757598054132	#00B0F6
#00BF7D	0.526598241643782	0.57680390856028	#00BF7D
#A3A500	0.390123835574899	0.37347820990151	#A3A500
#00BF7D	0.45800980599661	0.571672438594563	#00BF7D
#00B0F6	0.610517146878217	0.455917508346573	#00B0F6
#00BF7D	0.45545750010997	0.458119306065641	#00BF7D
#F8766D	0.633123789762581	0.365162912070068	#F8766D
#A3A500	0.442314045436695	0.592145687967898	#A3A500
#F8766D	0.608612488918564	0.486820737793995	#F8766D
#00B0F6	0.624721014016132	0.467344614637676	#00B0F6
#00B0F6	0.584427580664262	0.563516869430259	#00B0F6
#00BF7D	0.358705080482022	0.570507494756273	#00BF7D
#F8766D	0.615862922900456	0.367672162441577	#F8766D
#F8766D	0.638345877821045	0.482100717350677	#F8766D
#00B0F6	0.599810694678198	0.456822680551075	#00B0F6
#F8766D	0.653080856325701	0.474102017065093	#F8766D
#00BF7D	0.396434521998877	0.676225348401188	#00BF7D
#A3A500	0.437471547629248	0.473835853172146	#A3A500
#00B0F6	0.592993946436422	0.460735526388177	#00B0F6
#00BF7D	0.484598407604169	0.455864262999972	#00BF7D
#F8766D	0.628818311592361	0.476712304736647	#F8766D
#00BF7D	0.467246517425684	0.464352582953951	#00BF7D
#00B0F6	0.570939621387432	0.57214409626569	#00B0F6
#A3A500	0.425391867843866	0.49098800165322	#A3A500
#00B0F6	0.554562493535022	0.456471663404844	#00B0F6
#00BF7D	0.474275157904941	0.561635392794426	#00BF7D
#00B0F6	0.624640727069183	0.457695243142831	#00B0F6
#00BF7D	0.492235890563704	0.567316062209043	#00BF7D
#A3A500	0.394550920075053	0.494517400644685	#A3A500
#F8766D	0.518893043829018	0.579074302726693	#F8766D
#00B0F6	0.618587451491449	0.458043860108821	#00B0F6
#00BF7D	0.497500600333044	0.460604750417099	#00BF7D
#F8766D	0.627795154118289	0.478858819113416	#F8766D
#00BF7D	0.439895993610224	0.566412357457271	#00BF7D
#00B0F6	0.574738343926451	0.464533575723167	#00B0F6
#00B0F6	0.559479243341326	0.466469975874615	#00B0F6
#00BF7D	0.421065176747525	0.466801805090074	#00BF7D
#A3A500	0.397088550179202	0.477745614993389	#A3A500
#A3A500	0.397080788044467	0.590072936364129	#A3A500
#A3A500	0.515962932374581	0.469076999616969	#A3A500
#A3A500	0.338921981107611	0.496458028255787	#A3A500
#F8766D	0.622849338013173	0.364523306193232	#F8766D
#F8766D	0.525429221497952	0.477723525317961	#F8766D
#00B0F6	0.587256880313622	0.456016873616095	#00B0F6
#E76BF3	0.200692425741984	0.379957361264437	#E76BF3
#00BF7D	0.393314083982007	0.453994449745253	#00BF7D
#00B0F6	0.57475547614864	0.455038318114923	#00B0F6
#F8766D	0.547423551929312	0.484307091202786	#F8766D
#F8766D	0.579162135184381	0.484104332767077	#F8766D
#A3A500	0.433642115399048	0.47420286094064	#A3A500
#00BF7D	0.451359841629056	0.560579326318424	#00BF7D
#00B0F6	0.541961340438811	0.463835029587345	#00B0F6
#A3A500	0.399746497668116	0.483172581024442	#A3A500
#00B0F6	0.62561887557371	0.455221866313269	#00B0F6
#00B0F6	0.555568518786906	0.463820406636319	#00B0F6
#00BF7D	0.520359659932482	0.336099148487756	#00BF7D
#00BF7D	0.502443668274806	0.462791994163692	#00BF7D
#00B0F6	0.609260035753565	0.576112338737741	#00B0F6
#F8766D	0.580737198550051	0.47762329629948	#F8766D
#F8766D	0.56770691984419	0.467355569518719	#F8766D
#00B0F6	0.544553484433324	0.453843848679745	#00B0F6
#F8766D	0.564116931133792	0.478314990567966	#F8766D
#F8766D	0.567129375729371	0.372443003386803	#F8766D
#F8766D	0.555880848023609	0.484561802430902	#F8766D
#00BF7D	0.454637183793474	0.463398965763329	#00BF7D
#F8766D	0.526759218339505	0.36767767744062	#F8766D
#00BF7D	0.447157356291469	0.567729034651568	#00BF7D
#A3A500	0.403960004641284	0.61670706752401	#A3A500
#F8766D	0.612562825509535	0.381375382475929	#F8766D
#00B0F6	0.550074776402139	0.443885501612334	#00B0F6
#00B0F6	0.576693542622008	0.446000674266098	#00B0F6
#00BF7D	0.525940636653334	0.45679258205336	#00BF7D
#F8766D	0.573399296004995	0.476516913243846	#F8766D
#A3A500	0.484698164691156	0.482468160062895	#A3A500
#E76BF3	0.228843952624195	0.604010167928995	#E76BF3
#F8766D	0.549504506839762	0.479797464679625	#F8766D
#00BF7D	0.462534294066462	0.343796464371122	#00BF7D
#00B0F6	0.602519408974336	0.459170585692318	#00B0F6
#A3A500	0.420936000612799	0.482634236675092	#A3A500
#F8766D	0.594188648400883	0.481755743790217	#F8766D
#A3A500	0.481252714267696	0.596517719813448	#A3A500
#00B0F6	0.594441703131056	0.457543844949054	#00B0F6
#00BF7D	0.379125352924983	0.576939302620638	#00BF7D
#E76BF3	0.264615354345911	0.595893711571387	#E76BF3
#00BF7D	0.475244899802149	0.566294421471905	#00BF7D
#F8766D	0.540274233160604	0.476653240031715	#F8766D
#F8766D	0.608390637919351	0.470780107891267	#F8766D
#A3A500	0.447897429256424	0.37549274939601	#A3A500
#A3A500	0.426784105270866	0.487648509958456	#A3A500
#F8766D	0.670517785911545	0.478489939751411	#F8766D
#00B0F6	0.611366345319339	0.453827174221866	#00B0F6
#A3A500	0.444028292053445	0.463735739434865	#A3A500
#F8766D	0.627754798215439	0.365884076468047	#F8766D
#A3A500	0.458683070089894	0.370650800888409	#A3A500
#A3A500	0.406061468810421	0.470976089576682	#A3A500
#00B0F6	0.598951991316257	0.452459272384879	#00B0F6
#00B0F6	0.590935980979553	0.568218723298515	#00B0F6
#00B0F6	0.565777811514497	0.554236781438201	#00B0F6
#F8766D	0.610150079378103	0.383134906383025	#F8766D
#00BF7D	0.447208442106243	0.569419527167594	#00BF7D
#A3A500	0.420226587998205	0.584587838355654	#A3A500
#00BF7D	0.446619975749557	0.449697517540996	#00BF7D
#00B0F6	0.592039332464347	0.55550263813059	#00B0F6
#A3A500	0.459282826050618	0.499010352709967	#A3A500
#00BF7D	0.44340345854781	0.574518542769454	#00BF7D
#00BF7D	0.483394067583797	0.464058634473193	#00BF7D
#E76BF3	0.180129966831102	0.706664467033731	#E76BF3
#F8766D	0.564875425266104	0.486973279431566	#F8766D
#F8766D	0.624368521206523	0.469722169821753	#F8766D
#A3A500	0.435287960790849	0.470917453676984	#A3A500
#E76BF3	0.22941244565911	0.60086022370425	#E76BF3
#A3A500	0.47623136367604	0.475759706543874	#A3A500
#00B0F6	0.608302489443951	0.457583306429137	#00B0F6
#A3A500	0.399538317074123	0.604089663789989	#A3A500
#A3A500	0.431983429947068	0.486163355971721	#A3A500
#00BF7D	0.439132520946182	0.569976586328382	#00BF7D
#F8766D	0.636189523257418	0.383809522052849	#F8766D
#F8766D	0.563100530417184	0.374766978062048	#F8766D
#E76BF3	0.170460645918485	0.498081112082363	#E76BF3
#00BF7D	0.470789068010733	0.345687583684157	#00BF7D
#00B0F6	0.573581023630165	0.459789220673069	#00B0F6
#00B0F6	0.561419498285934	0.449658808875083	#00B0F6
#00BF7D	0.47467100983424	0.4610225786875	#00BF7D
#00BF7D	0.426890843488366	0.45381848156396	#00BF7D
#A3A500	0.418581196447319	0.496264477553556	#A3A500
#F8766D	0.543906355999586	0.485196552479862	#F8766D
#E76BF3	0.292604734821154	0.373235317303396	#E76BF3
#E76BF3	0.242144333501946	0.595297614720945	#E76BF3
#F8766D	0.563922270512214	0.483498828620169	#F8766D
#F8766D	0.584484333078759	0.480872506012253	#F8766D
#A3A500	0.439527090387798	0.354629749546078	#A3A500
#A3A500	0.458146526350509	0.493907893265565	#A3A500
#00B0F6	0.530558995596613	0.450960558759065	#00B0F6
#F8766D	0.560505602819667	0.484862962605679	#F8766D
#00B0F6	0.61686813340674	0.578457384090565	#00B0F6
#00B0F6	0.590917970057701	0.453022635176627	#00B0F6
#A3A500	0.413299120228712	0.592974617087311	#A3A500
#E76BF3	0.297001293804312	0.488178870149971	#E76BF3
#F8766D	0.602151108327358	0.46918015740242	#F8766D
#00BF7D	0.368215960173674	0.458836578166196	#00BF7D
#F8766D	0.619042669165235	0.483313273229069	#F8766D
#00B0F6	0.580741078768282	0.451814630766824	#00B0F6
#A3A500	0.491401770706896	0.471306340404622	#A3A500
#00BF7D	0.466209740585483	0.466357590706039	#00BF7D
#F8766D	0.598078578430447	0.469314028542653	#F8766D
#A3A500	0.420941397545793	0.591056023684243	#A3A500
#00B0F6	0.566730321795803	0.4525163163859	#00B0F6
#00BF7D	0.513240279704765	0.461818034445208	#00BF7D
#F8766D	0.643896916000907	0.469421413787758	#F8766D
#00BF7D	0.414402640288249	0.332337127943603	#00BF7D
#A3A500	0.463912240370856	0.482319441744195	#A3A500
#00B0F6	0.554997603053673	0.455247444145338	#00B0F6
#00BF7D	0.482309540068183	0.449244319650924	#00BF7D
#F8766D	0.611361820628524	0.374440923890819	#F8766D
#00BF7D	0.502521857988472	0.561143821400672	#00BF7D
#E76BF3	0.258184273200381	0.599798157956575	#E76BF3
#00BF7D	0.490250753327159	0.452476226537594	#00BF7D
#E76BF3	0.154295729311105	0.488373888304932	#E76BF3
#00B0F6	0.601914313577196	0.45486126195723	#00B0F6
#00B0F6	0.588050878494661	0.458548282641584	#00B0F6
#00BF7D	0.478349466027586	0.468029512506221	#00BF7D
#F8766D	0.604433254545531	0.369241554824532	#F8766D
#F8766D	0.586631317554933	0.476331637547581	#F8766D
#A3A500	0.496855482653848	0.478691865241103	#A3A500
#A3A500	0.448123485938903	0.466150076223947	#A3A500
#00BF7D	0.421389112897543	0.561660286790878	#00BF7D
#A3A500	0.453320254781694	0.48861034668765	#A3A500
#00BF7D	0.438772945914072	0.577623305937281	#00BF7D
#F8766D	0.574599202572507	0.469865224031011	#F8766D
#00B0F6	0.615680513664778	0.552168002263703	#00B0F6
#00BF7D	0.435879343885632	0.45486632850139	#00BF7D
#A3A500	0.416834630488397	0.362981518484748	#A3A500
#00BF7D	0.450687527114738	0.461786164135474	#00BF7D
#00BF7D	0.417057897110386	0.458087839896689	#00BF7D
#00BF7D	0.498875705537856	0.466760516330579	#00BF7D
#F8766D	0.663841277337212	0.490657285078614	#F8766D
#A3A500	0.414488006858916	0.384928742736334	#A3A500
#00BF7D	0.445777633459613	0.461968076121044	#00BF7D
#00BF7D	0.407783712775182	0.468202900593932	#00BF7D
#00B0F6	0.56075258070461	0.459287433701284	#00B0F6
#E76BF3	0.222800124470701	0.378340512090269	#E76BF3
#F8766D	0.588016607592798	0.381882988806045	#F8766D
#00BF7D	0.438235246364611	0.454822235420872	#00BF7D
#00BF7D	0.350504594356794	0.590846369067099	#00BF7D
#A3A500	0.451615101141985	0.598485541819748	#A3A500
#A3A500	0.463151190405133	0.497606577331033	#A3A500
#F8766D	0.612175699195105	0.479625344481656	#F8766D
#A3A500	0.413900143077678	0.48699891273103	#A3A500
#00B0F6	0.599252938012693	0.444344183698506	#00B0F6
#00BF7D	0.463496592836485	0.465552367825182	#00BF7D
#00B0F6	0.611495295382744	0.453444131517011	#00B0F6
#F8766D	0.586168884523555	0.491999720018321	#F8766D
#00B0F6	0.524645541285059	0.338919370471291	#00B0F6
#00B0F6	0.600794735853771	0.354565058907314	#00B0F6
#00BF7D	0.404894502302465	0.460500504655248	#00BF7D
#F8766D	0.587981329615393	0.372560479763992	#F8766D
#00BF7D	0.484718951060254	0.462613625802158	#00BF7D
#F8766D	0.625615314363028	0.485800085251763	#F8766D
#E76BF3	0.214033800537684	0.493758657513432	#E76BF3
#A3A500	0.45157141655726	0.596295438284737	#A3A500
#F8766D	0.54475345074994	0.476152865045265	#F8766D
#00BF7D	0.487419484820394	0.456644547570278	#00BF7D
#00B0F6	0.595147971237958	0.567522757256275	#00B0F6
#F8766D	0.584712947292923	0.486874418084321	#F8766D
#00BF7D	0.451695102822763	0.451822277404567	#00BF7D
#E76BF3	0.280335656513823	0.600371412317419	#E76BF3
#E76BF3	0.292112746210399	0.588428040199099	#E76BF3
#00B0F6	0.651863809380241	0.455303145139576	#00B0F6
#00B0F6	0.582298549613363	0.450781810921202	#00B0F6
#E76BF3	0.228842628239375	0.605873409011214	#E76BF3
#00BF7D	0.400531082166292	0.560179180350455	#00BF7D
#00BF7D	0.439978610319265	0.567565693381842	#00BF7D
#00BF7D	0.535567406734376	0.464518908458042	#00BF7D
#00B0F6	0.638383031719626	0.574535958888209	#00B0F6
#00BF7D	0.471588463124765	0.456640779718801	#00BF7D
#F8766D	0.601737019404886	0.470046272267622	#F8766D
#F8766D	0.584844588023104	0.366167629457433	#F8766D
#00B0F6	0.531270016163925	0.564166342211738	#00B0F6
#00B0F6	0.629906216144472	0.35980052574299	#00B0F6
#A3A500	0.473469233803037	0.48021734445688	#A3A500
#00B0F6	0.636714741953113	0.464167960290362	#00B0F6
#00BF7D	0.406861402545837	0.475593641084972	#00BF7D
#00B0F6	0.536542226557029	0.572830170738833	#00B0F6
#A3A500	0.409259481050537	0.37845501774425	#A3A500
#00BF7D	0.514019659599889	0.566496540386096	#00BF7D
#00B0F6	0.59285260845548	0.438894879100132	#00B0F6
#F8766D	0.595362781911809	0.472235287826233	#F8766D
#A3A500	0.519708685021892	0.24171743531634	#A3A500
#00BF7D	0.429274941722251	0.468366061950316	#00BF7D
#00BF7D	0.470914044919678	0.350894264225958	#00BF7D
#A3A500	0.429250727277563	0.483130483983382	#A3A500
#F8766D	0.58577714058208	0.490644489407	#F8766D
#00BF7D	0.425937044261891	0.34514911488886	#00BF7D
#00B0F6	0.595897321354138	0.457899593477217	#00B0F6
#00B0F6	0.591887711954909	0.457681663854106	#00B0F6
#00BF7D	0.463003640745596	0.570780621451345	#00BF7D
#F8766D	0.626050423881679	0.484575865992257	#F8766D
#00B0F6	0.642552243376863	0.449142343484877	#00B0F6
#00BF7D	0.478086353141967	0.461521685784209	#00BF7D
#F8766D	0.554089231198006	0.467549244666897	#F8766D
#00BF7D	0.32202553297596	0.575476362755277	#00BF7D
#00BF7D	0.521221430465327	0.457380379233382	#00BF7D
#00BF7D	0.473364398790606	0.349961213790639	#00BF7D
#00BF7D	0.438571790046002	0.460799209182389	#00BF7D
#A3A500	0.454767367003743	0.380223749384824	#A3A500
#A3A500	0.460240279424003	0.59732044273257	#A3A500
#E76BF3	0.249877308670352	0.486974589277546	#E76BF3
#F8766D	0.556557405359116	0.38500859842401	#F8766D
#00B0F6	0.541701881700102	0.446967926212839	#00B0F6
#00BF7D	0.470426164296748	0.464118942403414	#00BF7D
#00BF7D	0.405423057835794	0.465020122528998	#00BF7D
#00BF7D	0.407835124054991	0.570318755567819	#00BF7D
#00B0F6	0.587126790039582	0.559411032280597	#00B0F6
#00BF7D	0.441922428172826	0.459466317138389	#00BF7D
#A3A500	0.452469639019523	0.472344979608575	#A3A500
#A3A500	0.454882385150956	0.470585455701479	#A3A500
#A3A500	0.385350718071976	0.58907758195913	#A3A500
#00BF7D	0.445210790274553	0.563680141721433	#00BF7D
#F8766D	0.519891342385818	0.486497294519291	#F8766D
#F8766D	0.604804303355863	0.471380252288021	#F8766D
#00BF7D	0.489344711233583	0.456281991488879	#00BF7D
#00BF7D	0.38198704755503	0.46299186814653	#00BF7D
#00BF7D	0.507173710225937	0.562450507244379	#00BF7D
#00B0F6	0.63703532736433	0.225085993196283	#00B0F6
#F8766D	0.558837773351554	0.378542004994098	#F8766D
#A3A500	0.395401442900996	0.490563825437759	#A3A500
#00B0F6	0.579035506727308	0.44104552115506	#00B0F6
#F8766D	0.578223824787726	0.363033396160114	#F8766D
#00B0F6	0.57374690152083	0.567290808385909	#00B0F6
#00B0F6	0.606197185255448	0.573235676456956	#00B0F6
#F8766D	0.64191287707786	0.36816772591425	#F8766D
#00B0F6	0.584344319482637	0.457168617641989	#00B0F6
#A3A500	0.395338480506176	0.607512889958695	#A3A500
#F8766D	0.599107947583113	0.372152822757522	#F8766D
#00BF7D	0.477739618170037	0.460493317625681	#00BF7D
#00B0F6	0.598022279856864	0.460349623894905	#00B0F6
#00B0F6	0.580201007559594	0.454106859578281	#00B0F6
#A3A500	0.443653228191517	0.483784028975627	#A3A500
#A3A500	0.419988603696589	0.475753862521091	#A3A500
#00B0F6	0.57457786296878	0.465453775019477	#00B0F6
#A3A500	0.429877388349751	0.476401867849841	#A3A500
#E76BF3	0.220308473273717	0.601059438515922	#E76BF3
#E76BF3	0.223028703245214	0.596595496971957	#E76BF3
#00BF7D	0.398227405712722	0.458902649987353	#00BF7D
#00B0F6	0.608828941286511	0.455149570992999	#00B0F6
#00BF7D	0.451056926075216	0.465362740223317	#00BF7D
#F8766D	0.529310744920195	0.472414215577438	#F8766D
#00BF7D	0.406502420947221	0.451619070513977	#00BF7D
#00BF7D	0.426276017099086	0.458504804418131	#00BF7D
#F8766D	0.521389865887676	0.480226552190357	#F8766D
#00BF7D	0.417832659378467	0.463161153220533	#00BF7D
#00B0F6	0.559093802316401	0.451028986446364	#00B0F6
#00B0F6	0.598622622793595	0.46143207648454	#00B0F6
#00B0F6	0.633813377789938	0.45373830422521	#00B0F6
#00B0F6	0.542438030851417	0.457847560552962	#00B0F6
#E76BF3	0.196907967041678	0.592904304295343	#E76BF3
#F8766D	0.625014652418748	0.479948079256289	#F8766D
#A3A500	0.440507435519324	0.379328668312406	#A3A500
#F8766D	0.538746282455249	0.490414492261994	#F8766D
#00B0F6	0.537214257503448	0.45460070670633	#00B0F6
#00B0F6	0.509297386240979	0.450166514986693	#00B0F6
#A3A500	0.457018307792684	0.381247665856257	#A3A500
#F8766D	0.609980638578483	0.366921527914106	#F8766D
#F8766D	0.539316099874984	0.485401306955029	#F8766D
#A3A500	0.39527646599205	0.485357144895959	#A3A500
#E76BF3	0.251770685181724	0.482379636381765	#E76BF3
#00B0F6	0.611081531925307	0.554735608840074	#00B0F6
#E76BF3	0.274976211784635	0.49094905524871	#E76BF3
#E76BF3	0.27444729534662	0.598257147726714	#E76BF3
#00B0F6	0.547089203176646	0.566212403342586	#00B0F6
#00B0F6	0.610541595549984	0.46064951617994	#00B0F6
#00BF7D	0.423245335510334	0.464630092357566	#00BF7D
#00BF7D	0.494295180405393	0.457969624216488	#00BF7D
#E76BF3	0.210665569890271	0.500539766179405	#E76BF3
#00BF7D	0.500258438044038	0.456967282344911	#00BF7D
#E76BF3	0.219425781538409	0.596011063502629	#E76BF3
#00BF7D	0.381587860486369	0.578733512311787	#00BF7D
#F8766D	0.601614465194259	0.476562498441547	#F8766D
#00BF7D	0.47467100983424	0.4610225786875	#00BF7D
#A3A500	0.446734902658814	0.459130291266218	#A3A500
#F8766D	0.579624887223309	0.473205803702175	#F8766D
#F8766D	0.567129375729371	0.372443003386803	#F8766D
#00BF7D	0.47632736552413	0.457558119226693	#00BF7D
#00BF7D	0.534156839377975	0.347892758625076	#00BF7D
#00B0F6	0.568944979230068	0.450850518303336	#00B0F6
#00B0F6	0.552224601977895	0.57171184460725	#00B0F6
#E76BF3	0.298990771557489	0.581257081275034	#E76BF3
#A3A500	0.4696689033113	0.372668479866163	#A3A500
#A3A500	0.422610267830827	0.478491113998148	#A3A500
#A3A500	0.419589870468843	0.499886738620594	#A3A500
#00B0F6	0.589588560192155	0.435791383822046	#00B0F6
#00B0F6	0.526092391996137	0.458235234858252	#00B0F6
#A3A500	0.432553247366803	0.481150170664757	#A3A500
#00BF7D	0.40062219841888	0.574419053053986	#00BF7D
#00BF7D	0.430109840885009	0.573192378146845	#00BF7D
#00B0F6	0.575649683559307	0.453274846443008	#00B0F6
#F8766D	0.582261495108495	0.474221320721694	#F8766D
#00BF7D	0.535839931604585	0.457261535184957	#00BF7D
#00BF7D	0.482613228470487	0.457621691086115	#00BF7D
#00B0F6	0.616937398718109	0.447422560752699	#00B0F6
#A3A500	0.449418297739279	0.367000661590554	#A3A500
#00B0F6	0.536542226557029	0.572830170738833	#00B0F6
#00B0F6	0.650756250513909	0.454112523687723	#00B0F6
#F8766D	0.576455425185298	0.372835029597695	#F8766D
#F8766D	0.612380225642187	0.369067538368598	#F8766D
#00B0F6	0.622304421407847	0.343369721573236	#00B0F6
#00B0F6	0.573352048511315	0.565615018952756	#00B0F6
#00BF7D	0.40198162246393	0.456882695275304	#00BF7D
#A3A500	0.401259546519659	0.354535799494105	#A3A500
#A3A500	0.443751426666604	0.492754737254335	#A3A500
#A3A500	0.475448974106589	0.486635393119178	#A3A500
#00BF7D	0.434692596385848	0.457612483352637	#00BF7D
#A3A500	0.449803603930839	0.4788199724904	#A3A500
#E76BF3	0.236688745633817	0.504799357388985	#E76BF3
#00B0F6	0.588066785725743	0.566791017453583	#00B0F6
#00B0F6	0.544032748531307	0.569468924530872	#00B0F6
#A3A500	0.430922246332237	0.366839092132847	#A3A500
#A3A500	0.443292554845908	0.477844600786581	#A3A500
#A3A500	0.518461078818059	0.368366007998411	#A3A500
#00BF7D	0.468869337924252	0.570346678112735	#00BF7D
#F8766D	0.629831419066744	0.4787918835433	#F8766D
#F8766D	0.629542307053217	0.484864678950303	#F8766D
#00B0F6	0.562989944024559	0.343572579790439	#00B0F6
#00B0F6	0.593595613757973	0.459954737895595	#00B0F6
#F8766D	0.57374881457993	0.377440477766341	#F8766D
#00B0F6	0.579737157207167	0.451419240845238	#00B0F6
#00B0F6	0.604994756595902	0.45228970761604	#00B0F6
#F8766D	0.626887008333943	0.475711230754813	#F8766D
#E76BF3	0.214501078965699	0.501536388474145	#E76BF3
#00BF7D	0.311177835731228	0.574759829957735	#00BF7D
#00BF7D	0.406828135322973	0.453005543066808	#00BF7D
#A3A500	0.431094980374081	0.484520904301032	#A3A500
#00BF7D	0.494490846404241	0.446152991676228	#00BF7D
#F8766D	0.55644924166481	0.365537106868128	#F8766D
#00BF7D	0.419556369018899	0.457802210735997	#00BF7D
#00BF7D	0.435931209006355	0.465373415409524	#00BF7D
#00BF7D	0.501686272455993	0.467719853098037	#00BF7D
#F8766D	0.589111191565587	0.488127019496919	#F8766D
#A3A500	0.453767157086117	0.601941097906366	#A3A500
#00BF7D	0.475066826323889	0.57266283739019	#00BF7D
#00BF7D	0.491340719672903	0.459115064611422	#00BF7D
#A3A500	0.415679506819109	0.385409459030539	#A3A500
#E76BF3	0.160270135262937	0.496731601047879	#E76BF3
#00BF7D	0.393331769438824	0.46876517540928	#00BF7D
#00BF7D	0.508436353116947	0.454299142390771	#00BF7D
#E76BF3	0.229003789109282	0.497895052768986	#E76BF3
#00BF7D	0.436487088052412	0.455449170072042	#00BF7D
#F8766D	0.596969695179294	0.469986648173018	#F8766D
#E76BF3	0.272480069638213	0.482738648839128	#E76BF3
#E76BF3	0.259356118846352	0.482176473805274	#E76BF3
#00BF7D	0.478684273380379	0.450881231658118	#00BF7D
#A3A500	0.433749541684542	0.368260494346818	#A3A500
#00BF7D	0.458915203617602	0.462671757779579	#00BF7D
#00B0F6	0.562787521268246	0.461083739213386	#00B0F6
#00BF7D	0.468519174876732	0.564228197726537	#00BF7D
#00BF7D	0.52075789912045	0.459462313906176	#00BF7D
#00B0F6	0.531864962167663	0.456827007792224	#00B0F6
#A3A500	0.447924072856916	0.468107043130698	#A3A500
#F8766D	0.605185536999249	0.472914535096493	#F8766D
#00B0F6	0.646972832630524	0.448173599420953	#00B0F6
#A3A500	0.398781926632581	0.602384728236278	#A3A500
#00BF7D	0.398843330415501	0.467802474931127	#00BF7D
#A3A500	0.515564106210607	0.472990933430471	#A3A500
#00BF7D	0.424306326795223	0.447860662572411	#00BF7D
#A3A500	0.470066823491718	0.491262091878746	#A3A500
#00BF7D	0.453348442380841	0.468256201407928	#00BF7D
#00B0F6	0.536586272046439	0.46319256392209	#00B0F6
#00BF7D	0.391492913275301	0.575796542100781	#00BF7D
#F8766D	0.6203935517696	0.469287642429019	#F8766D
#F8766D	0.622210162345841	0.480352372552065	#F8766D
#00B0F6	0.611638644118228	0.462019189828945	#00B0F6
#A3A500	0.456519823935437	0.474432453944864	#A3A500
#F8766D	0.579913999236836	0.467133008295173	#F8766D
#F8766D	0.571085753725921	0.480614350941595	#F8766D
#00B0F6	0.574695664718997	0.455710677700099	#00B0F6
#00BF7D	0.52606794332437	0.453503227024886	#00BF7D
#00BF7D	0.448001115902461	0.573814177275302	#00BF7D
#A3A500	0.500492903032109	0.479782213360375	#A3A500
#A3A500	0.557617659235192	0.242825310489156	#A3A500
#F8766D	0.600166064027041	0.374559264016968	#F8766D
#F8766D	0.609950212455201	0.476700641355534	#F8766D
#A3A500	0.489510178878743	0.478085093204454	#A3A500
#A3A500	0.475512580973993	0.474881244461941	#A3A500
#E76BF3	0.238313895894476	0.602297416977495	#E76BF3
#00BF7D	0.442355172489735	0.678991206258778	#00BF7D
#00BF7D	0.471501093955315	0.452260572648778	#00BF7D
#F8766D	0.589497084733153	0.472669231164843	#F8766D
#00B0F6	0.637111924724718	0.457347714153241	#00B0F6
#F8766D	0.520298575157112	0.475450955198748	#F8766D
#00BF7D	0.44640850191334	0.46914616660728	#00BF7D
#00BF7D	0.480712676800386	0.447266866120717	#00BF7D
#00BF7D	0.503179724489892	0.453452686217813	#00BF7D
#00BF7D	0.466494100138601	0.457057924153584	#00BF7D
#00B0F6	0.625373448144908	0.463484765255283	#00B0F6
#00B0F6	0.602217363964402	0.453699526580746	#00B0F6
#00BF7D	0.374410799803671	0.464879219608088	#00BF7D
#00B0F6	0.542822692570392	0.464471955589104	#00B0F6
#00B0F6	0.545137240226737	0.4537417234033	#00B0F6
#00B0F6	0.532059622789241	0.451643169740021	#00B0F6
#A3A500	0.369442193032402	0.479319638976779	#A3A500
#00BF7D	0.431501114831875	0.459888417182544	#00BF7D
#00B0F6	0.597679978337794	0.457778573475991	#00B0F6
#00BF7D	0.469350455332232	0.467160717765943	#00BF7D
#00B0F6	0.598688652359317	0.46140083454303	#00B0F6
#00BF7D	0.381469965799924	0.568257667345164	#00BF7D
#00B0F6	0.590470026936357	0.558577751255583	#00B0F6
#A3A500	0.450681224198189	0.475871922952404	#A3A500
#F8766D	0.56192927174722	0.365111562981431	#F8766D
#E76BF3	0.203698071682962	0.496377164723558	#E76BF3
#00BF7D	0.457265150844262	0.452050458423457	#00BF7D
#A3A500	0.489692679352377	0.374518185973756	#A3A500
#F8766D	0.597155723122232	0.487384604508019	#F8766D
#00BF7D	0.500504545385075	0.341646226456976	#00BF7D
#F8766D	0.542872588833711	0.371647367715754	#F8766D
#00B0F6	0.555298323678787	0.462581744339128	#00B0F6
#A3A500	0.466158202628067	0.495565875950339	#A3A500
#00B0F6	0.593121933019693	0.350388014413782	#00B0F6
#A3A500	0.469940010860461	0.347055405389297	#A3A500
#A3A500	0.498096744043995	0.482726315133553	#A3A500
#00B0F6	0.590877939619886	0.440473254989123	#00B0F6
#00BF7D	0.416548032411145	0.461706153198909	#00BF7D
#00B0F6	0.55097072659889	0.560903093602063	#00B0F6
#00B0F6	0.640618065277484	0.467317140547642	#00B0F6
#00B0F6	0.616375442826823	0.455983176026948	#00B0F6
#F8766D	0.562763944838657	0.485387268058127	#F8766D
#00B0F6	0.615426134549786	0.578243142187084	#00B0F6
#A3A500	0.456718231640154	0.479108281526169	#A3A500
#A3A500	0.416024782572854	0.484679389742881	#A3A500
#A3A500	0.414297418785512	0.50039760887991	#A3A500
#00B0F6	0.592575331124861	0.442925381227764	#00B0F6
#00BF7D	0.485997501182348	0.462704995760549	#00BF7D
#00B0F6	0.591568534722786	0.461705862350778	#00B0F6
#F8766D	0.575864912634421	0.478631681756828	#F8766D
#A3A500	0.45818271031147	0.380722856481533	#A3A500
#A3A500	0.469997365850406	0.486203221592586	#A3A500
#A3A500	0.428501151090062	0.608203036642604	#A3A500
#00B0F6	0.596485050302011	0.452207744954116	#00B0F6
#F8766D	0.58270468576943	0.365439333497283	#F8766D
#00B0F6	0.539481105523471	0.563867357989762	#00B0F6
#A3A500	0.416965097266565	0.496828928321704	#A3A500
#00B0F6	0.609164486048117	0.563415148294595	#00B0F6
#F8766D	0.547358527740859	0.47770553865624	#F8766D
#A3A500	0.394717426838862	0.358144625368011	#A3A500
#00B0F6	0.593639524414018	0.446695452550443	#00B0F6
#F8766D	0.560293292180923	0.263023002184236	#F8766D
#A3A500	0.372186185305946	0.490990053160074	#A3A500
#00BF7D	0.410735205730483	0.466014388957597	#00BF7D
#A3A500	0.468362994236828	0.599274045928626	#A3A500
#A3A500	0.454983692694084	0.47987672280202	#A3A500
#00B0F6	0.629720053368169	0.438780890879584	#00B0F6
#00B0F6	0.566359917458056	0.455572534786113	#00B0F6
#F8766D	0.59717728879728	0.47634666463939	#F8766D
#A3A500	0.453463637258556	0.345642322495391	#A3A500
#00B0F6	0.613048013767416	0.449184440525937	#00B0F6
#00B0F6	0.570281697389435	0.447363216352931	#00B0F6
#00B0F6	0.584654452092342	0.450737717840683	#00B0F6
#00BF7D	0.427562386852492	0.578740868101399	#00BF7D
#E76BF3	0.276696493349478	0.480500000536503	#E76BF3
#00BF7D	0.461919751245081	0.565505413440751	#00BF7D
#00B0F6	0.584789939299376	0.455765346185332	#00B0F6
#A3A500	0.422807258214495	0.464811240375671	#A3A500
#00BF7D	0.45119972157607	0.44967181526298	#00BF7D
#00BF7D	0.415463916839309	0.471880334068478	#00BF7D
#00B0F6	0.59571371610952	0.452224543857942	#00B0F6
#00B0F6	0.568874558108623	0.335827178747636	#00B0F6
#00B0F6	0.610952256396867	0.454693289087068	#00B0F6
#F8766D	0.616374891290467	0.371007202449247	#F8766D
#A3A500	0.440083841676033	0.373741040886704	#A3A500
#F8766D	0.61595747368612	0.482657956424806	#F8766D
#00BF7D	0.425218319056422	0.576742667902548	#00BF7D
#F8766D	0.556663556600609	0.478455669261436	#F8766D
#00B0F6	0.618021288218624	0.452697768763293	#00B0F6
#00B0F6	0.544005332082351	0.563693845456105	#00B0F6
#00BF7D	0.485222738914266	0.457631682436705	#00BF7D
#F8766D	0.590220980800296	0.36494685404047	#F8766D
#A3A500	0.512279816657054	0.479062136938797	#A3A500
#00BF7D	0.394524919248872	0.567808013079128	#00BF7D
#00B0F6	0.519383254214038	0.457353588978966	#00B0F6
#00B0F6	0.557757863462985	0.463332882788877	#00B0F6
#00B0F6	0.628659480484544	0.5761946254086	#00B0F6
#00BF7D	0.369880496399562	0.463689102078511	#00BF7D
#F8766D	0.600103688608229	0.364231229305986	#F8766D
#00BF7D	0.413680806014739	0.563610122135457	#00BF7D
#00BF7D	0.36811164295622	0.565099503581846	#00BF7D
#00BF7D	0.398149406630726	0.557354506679826	#00BF7D
#F8766D	0.516811769911018	0.578814375844016	#F8766D
#00BF7D	0.322217863835448	0.578788560273349	#00BF7D
#00B0F6	0.645407734484074	0.465155419165724	#00B0F6
#00BF7D	0.484439024959996	0.470370610094227	#00BF7D
#00BF7D	0.429420804394009	0.569592959569404	#00BF7D
#00B0F6	0.557600576353823	0.449846764446424	#00B0F6
#00B0F6	0.627362961337736	0.344309903570726	#00B0F6
#A3A500	0.469610055361791	0.48330530872088	#A3A500
#A3A500	0.462184004341336	0.469002124203116	#A3A500
#F8766D	0.540379648691557	0.383976462414006	#F8766D
#F8766D	0.57309359684815	0.481405130784767	#F8766D
#E76BF3	0.178208203933154	0.499864062533181	#E76BF3
#F8766D	0.604809474217536	0.595251428177335	#F8766D
#00BF7D	0.380366840386451	0.565524363632925	#00BF7D
#E76BF3	0.170720330728515	0.499498826576705	#E76BF3
#00BF7D	0.497309635755513	0.338832048059213	#00BF7D
#E76BF3	0.284217540840753	0.483234392225141	#E76BF3
#A3A500	0.446314185354756	0.373656802490484	#A3A500
#00B0F6	0.578391614039218	0.341394643558818	#00B0F6
#00B0F6	0.591138177664545	0.466156952755736	#00B0F6
#00BF7D	0.500066751657135	0.558850000690538	#00BF7D
#A3A500	0.442476021052202	0.280730853308158	#A3A500
#F8766D	0.532548375654349	0.367454028240673	#F8766D
#00BF7D	0.467948393976864	0.459276913763965	#00BF7D
#00B0F6	0.60135866060246	0.449336118414549	#00B0F6
#A3A500	0.486624489417844	0.495691751779441	#A3A500
#00BF7D	0.403641045324724	0.570336058393922	#00BF7D
#00BF7D	0.412199775639756	0.448557896504392	#00BF7D
#A3A500	0.489737008409686	0.48190320537247	#A3A500
#F8766D	0.55752669341541	0.481276395167247	#F8766D
#00BF7D	0.460283771678785	0.463416852643556	#00BF7D
#00B0F6	0.558505428895944	0.351525919105763	#00B0F6
#F8766D	0.523732609298927	0.484087993471427	#F8766D
#A3A500	0.44747996975494	0.603740767129163	#A3A500
#00BF7D	0.478178155764276	0.464359210593846	#00BF7D
#00BF7D	0.514089017847487	0.455680659334231	#00BF7D
#00B0F6	0.604337209102032	0.564750396204736	#00B0F6
#00B0F6	0.622802189913208	0.56949616324017	#00B0F6
#F8766D	0.619416083177308	0.36470286231266	#F8766D
#00BF7D	0.458176044791962	0.567346315955648	#00BF7D
#A3A500	0.410143503628151	0.477295960727353	#A3A500
#00BF7D	0.494751855599091	0.445707465088352	#00BF7D
#F8766D	0.531709326606629	0.481193020519987	#F8766D
#F8766D	0.583666665531903	0.482425683545505	#F8766D
#00BF7D	0.448845278315276	0.351474345789685	#00BF7D
#00B0F6	0.603820623084977	0.461810163580024	#00B0F6
#F8766D	0.55778637822544	0.482694109661589	#F8766D
#00BF7D	0.441705464467388	0.350274236909519	#00BF7D
#F8766D	0.573711206840434	0.376614004294564	#F8766D
#F8766D	0.59682922944053	0.477181537563081	#F8766D
#00B0F6	0.567265959551632	0.451766769834828	#00B0F6
#A3A500	0.440083841676033	0.373741040886704	#A3A500
#F8766D	0.529351136262696	0.373135885413184	#F8766D
#00BF7D	0.498331468844766	0.338548774764662	#00BF7D
#A3A500	0.473385385645406	0.501146191900528	#A3A500
#00B0F6	0.563686062738059	0.341902833943057	#00B0F6
#00B0F6	0.598514233027967	0.457409973808821	#00B0F6
#00BF7D	0.463271448595047	0.348043304223189	#00BF7D
#00B0F6	0.61718260007559	0.454609050690848	#00B0F6
#00B0F6	0.58507287507396	0.332454169377067	#00B0F6
#00B0F6	0.61110323243372	0.447319347499853	#00B0F6
#00BF7D	0.455408057687566	0.459335125873233	#00BF7D
#E76BF3	0.215469042637173	0.599667426299596	#E76BF3
#A3A500	0.451929567810835	0.474637208420032	#A3A500
#00B0F6	0.559746236445177	0.447169137063971	#00B0F6
#00B0F6	0.634989614991633	0.451171201571116	#00B0F6
#00B0F6	0.602508898676247	0.45934963788947	#00B0F6
#00BF7D	0.476548118209844	0.460012601331476	#00BF7D
#00B0F6	0.504721068490055	0.455282329492379	#00B0F6
#A3A500	0.495763186546013	0.48054906273755	#A3A500
#00BF7D	0.455343352506663	0.457503126732526	#00BF7D
#F8766D	0.613540520173148	0.470510773712125	#F8766D
#E76BF3	0.234787514051481	0.601502689369504	#E76BF3
#A3A500	0.384837518233374	0.60782472531968	#A3A500
#A3A500	0.484302992674092	0.476022817223904	#A3A500
#00BF7D	0.433541352934791	0.454231758365773	#00BF7D
#F8766D	0.640849328261288	0.469592570455273	#F8766D
#00B0F6	0.584799444220194	0.462219088476236	#00B0F6
#00BF7D	0.48027634229063	0.566229077800465	#00BF7D
#00BF7D	0.452923524152731	0.464531815064444	#00BF7D
#00BF7D	0.449298582929963	0.5665940895295	#00BF7D
#00BF7D	0.48085291646783	0.455521365610818	#00BF7D
#A3A500	0.492943752722157	0.482675090490863	#A3A500
#F8766D	0.540383947311051	0.478812101625216	#F8766D
#00BF7D	0.400816859040458	0.569235215001783	#00BF7D
#00BF7D	0.491165620429318	0.562182360823131	#00BF7D
#00BF7D	0.444191229450813	0.322995364350088	#00BF7D
#F8766D	0.568205403701437	0.374170781430112	#F8766D
#00B0F6	0.577919902158342	0.33515959485849	#00B0F6
#00BF7D	0.44406575850209	0.46528472532621	#00BF7D
#00B0F6	0.630603524409427	0.452645860284985	#00B0F6
#A3A500	0.492087153050986	0.485265035634555	#A3A500
#A3A500	0.415669640993604	0.490783427091394	#A3A500
#A3A500	0.417148567677819	0.59888229941257	#A3A500
#E76BF3	0.217878495526382	0.496439468693238	#E76BF3
#00BF7D	0.393987957108224	0.570420800712418	#00BF7D
#00B0F6	0.54774771415065	0.563716184023426	#00B0F6
#F8766D	0.591301081320535	0.476959660175152	#F8766D
#A3A500	0.395414509032495	0.46643934879017	#A3A500
#00B0F6	0.600482045712382	0.445651373464489	#00B0F6
#E76BF3	0.217479895433728	0.484904013626577	#E76BF3
#00B0F6	0.549054460027649	0.578399227448691	#00B0F6
#00BF7D	0.418390642115293	0.460190261192939	#00BF7D
#00B0F6	0.644982582028884	0.441934602955807	#00B0F6
#F8766D	0.566157629535108	0.476705372737464	#F8766D
#A3A500	0.452333699669847	0.498216129024253	#A3A500
#00BF7D	0.426055583420921	0.460819875719186	#00BF7D
#F8766D	0.568631101235497	0.386711762165703	#F8766D
#00B0F6	0.545696866355932	0.453677143699325	#00B0F6
#F8766D	0.578196140370312	0.489304969723106	#F8766D
#A3A500	0.464087758015705	0.499896450276348	#A3A500
#A3A500	0.457057239917	0.380210898245816	#A3A500
#A3A500	0.443562749954027	0.479083263083771	#A3A500
#E76BF3	0.187311078005048	0.486078699923563	#E76BF3
#F8766D	0.52566824661649	0.367671633854848	#F8766D
#E76BF3	0.130959660291512	0.614097405862816	#E76BF3
#00BF7D	0.443316450283047	0.458310625347677	#00BF7D
#00B0F6	0.609389253785428	0.443682643395131	#00B0F6
#A3A500	0.486665616470885	0.582537270070317	#A3A500
#F8766D	0.571085753725921	0.480614350941595	#F8766D
#00B0F6	0.593279949381909	0.454342172159342	#00B0F6
#00B0F6	0.571215935237917	0.458149124868521	#00B0F6
#F8766D	0.573498180849803	0.474085273628661	#F8766D
#00BF7D	0.418335767320244	0.565237366800997	#00BF7D
#00B0F6	0.613667047538234	0.458404824291544	#00B0F6
#00BF7D	0.450371962132389	0.572048349737246	#00BF7D
#00B0F6	0.615390438171117	0.448276328401169	#00B0F6
#F8766D	0.643963399407544	0.377781403780489	#F8766D
#00BF7D	0.493222580508916	0.461331958400849	#00BF7D
#00BF7D	0.471471992216853	0.560176445007984	#00BF7D
#00B0F6	0.598271135361255	0.457176837180561	#00B0F6
#00BF7D	0.470886267566035	0.456946895502949	#00BF7D
#00BF7D	0.429435967758793	0.45676602717968	#00BF7D
#00B0F6	0.623297932064587	0.459818915030002	#00B0F6
#00BF7D	0.494721883316724	0.463877810464023	#00BF7D
#F8766D	0.608572232409429	0.489720746486654	#F8766D
#A3A500	0.431805717373494	0.380704061538247	#A3A500
#F8766D	0.554949258944767	0.470049411750876	#F8766D
#E76BF3	0.102887018634644	0.730407548342538	#E76BF3
#00BF7D	0.430936955856106	0.345620927808876	#00BF7D
#00B0F6	0.62840047558675	0.467718753968341	#00B0F6
#00BF7D	0.380791439607012	0.564479196570571	#00BF7D
#E76BF3	0.183811432698775	0.598117208336257	#E76BF3
#00BF7D	0.438619589076037	0.456677077051177	#00BF7D
#00BF7D	0.413870488104587	0.570648801817965	#00BF7D
#F8766D	0.633317125999339	0.361842315100084	#F8766D
#00B0F6	0.564598600078128	0.460105003798872	#00B0F6
#00BF7D	0.517347952745716	0.567384993818619	#00BF7D
#00B0F6	0.609075467028812	0.46047281984893	#00B0F6
#00BF7D	0.340726429837634	0.469849679505769	#00BF7D
#00B0F6	0.583916617651521	0.553549034934534	#00B0F6
#A3A500	0.465838791168865	0.480093644580578	#A3A500
#00BF7D	0.439335362103758	0.573109731649302	#00BF7D
#00BF7D	0.438215643089482	0.473536041018958	#00BF7D
#E76BF3	0.224114236138099	0.60477701730617	#E76BF3
#F8766D	0.532382555260261	0.492424455623453	#F8766D
#00BF7D	0.552726321580789	0.347523475122288	#00BF7D
#00B0F6	0.559040705747087	0.46260408290645	#00B0F6
#A3A500	0.389652542095287	0.487887465945047	#A3A500
#00B0F6	0.567409208893401	0.344467076808734	#00B0F6
#00B0F6	0.56658199452859	0.456163775808677	#00B0F6
#00BF7D	0.507556629158828	0.450293838618878	#00BF7D
#A3A500	0.411160358185673	0.489235205167514	#A3A500
#E76BF3	0.302356346977776	0.482546645721474	#E76BF3
#F8766D	0.575553455639896	0.486925822640353	#F8766D
#A3A500	0.40937449919775	0.468816724060905	#A3A500
#00BF7D	0.441690846181474	0.452421333824921	#00BF7D
#F8766D	0.548843892174989	0.475340330688895	#F8766D
#00B0F6	0.590010603579305	0.45869164121013	#00B0F6
#00BF7D	0.457691074449643	0.449142050278884	#00BF7D
#F8766D	0.584988120932772	0.4758905626468	#F8766D
#E76BF3	0.289103765130061	0.487137066798312	#E76BF3
#A3A500	0.475558688257037	0.488794254712679	#A3A500
#00BF7D	0.511327206982034	0.464907850653074	#00BF7D
#00BF7D	0.433101909356995	0.572873411223688	#00BF7D
#00B0F6	0.592575331124861	0.442925381227764	#00B0F6
#00BF7D	0.469356857642496	0.568949710287037	#00BF7D
#00B0F6	0.611024588879139	0.440576288328627	#00B0F6
#00BF7D	0.381789603330447	0.568280509834761	#00BF7D
#00B0F6	0.557558995459868	0.454610014221302	#00B0F6
#00BF7D	0.518669769051271	0.449022162568159	#00BF7D
#F8766D	0.592757379455854	0.370257251757393	#F8766D
#F8766D	0.547423551929312	0.484307091202786	#F8766D
#00B0F6	0.595419851635583	0.455070468119492	#00B0F6
#00BF7D	0.387856817281859	0.572842952899289	#00BF7D
#F8766D	0.633038163379215	0.479563768661693	#F8766D
#00B0F6	0.591975541422759	0.466108911910398	#00B0F6
#00BF7D	0.354402286521092	0.466077332448795	#00BF7D
#E76BF3	0.265624389272121	0.48768826228667	#E76BF3
#A3A500	0.408710777163209	0.403329040942912	#A3A500
#A3A500	0.47637561839508	0.361827219029723	#A3A500
#E76BF3	0.217038029157613	0.591822759768766	#E76BF3
#00B0F6	0.549135199117241	0.55714982118321	#00B0F6
#00BF7D	0.397007442029166	0.575876912864029	#00BF7D
#F8766D	0.585034914585537	0.478401225003644	#F8766D
#F8766D	0.540743557782812	0.258912309206697	#F8766D
#E76BF3	0.218268461242122	0.591266708452531	#E76BF3
#A3A500	0.476492926105518	0.499580163228269	#A3A500
#00BF7D	0.426055583420921	0.460819875719186	#00BF7D
#00BF7D	0.38677328868603	0.455740034536941	#00BF7D
#F8766D	0.55370356410176	0.467557644118811	#F8766D
#00BF7D	0.466209740585483	0.466357590706039	#00BF7D
#00BF7D	0.418957350466988	0.454856517064142	#00BF7D
#F8766D	0.600813384790721	0.479300253840881	#F8766D
#A3A500	0.494562181665002	0.47361460415244	#A3A500
#00BF7D	0.496753076797221	0.455814450342616	#00BF7D
#00BF7D	0.409278128289215	0.563900202983245	#00BF7D
#F8766D	0.539431797934432	0.468704856325763	#F8766D
#00B0F6	0.614975343871374	0.455775237754427	#00B0F6
#F8766D	0.574307760796889	0.484434055008288	#F8766D
#F8766D	0.583236669378348	0.375049063598704	#F8766D
#A3A500	0.450078969900631	0.603929810676904	#A3A500
#A3A500	0.41189065656308	0.483301820564239	#A3A500
#00BF7D	0.483386305449062	0.576385955843932	#00BF7D
#00B0F6	0.582095708455786	0.447648665600282	#00B0F6
#A3A500	0.440435612676271	0.595018906406141	#A3A500
#00BF7D	0.42250685659693	0.462246493587718	#00BF7D
#00BF7D	0.432816451490378	0.568586929978198	#00BF7D
#E76BF3	0.267031889457619	0.487396589540206	#E76BF3
#00BF7D	0.48070601297915	0.573180335289401	#00BF7D
#00BF7D	0.429564053735778	0.462293266543313	#00BF7D
#E76BF3	0.31033009650829	0.478608601528632	#E76BF3
#A3A500	0.444791857653716	0.480390452849754	#A3A500
#E76BF3	0.221191851378746	0.594705465635322	#E76BF3
#00BF7D	0.442133775331436	0.571341808290293	#00BF7D
#00BF7D	0.361916577254902	0.574506251020118	#00BF7D
#F8766D	0.568782303343672	0.363888431698326	#F8766D
#00B0F6	0.619250714925862	0.458774511935114	#00B0F6
#00BF7D	0.451704607743582	0.458276019695471	#00BF7D
#A3A500	0.441936826844905	0.468424418155178	#A3A500
#00BF7D	0.444190961482356	0.455042016987848	#00BF7D
#A3A500	0.468815370811032	0.492176247589285	#A3A500
#00BF7D	0.447439386082497	0.566925403669388	#00BF7D
#00BF7D	0.395322989978085	0.68062445019599	#00BF7D
#A3A500	0.478092757150504	0.502600687999876	#A3A500
#00B0F6	0.682469974851707	0.363479271421377	#00B0F6
#E76BF3	0.215368833407544	0.603962306997	#E76BF3
#A3A500	0.421266467448961	0.487247580373376	#A3A500
#00BF7D	0.386080917055668	0.467269446017831	#00BF7D
#00BF7D	0.451262323066203	0.444550461093799	#00BF7D
#E76BF3	0.213685061268699	0.60165168738304	#E76BF3
#A3A500	0.450281811058207	0.607062955997824	#A3A500
#A3A500	0.468635880011723	0.480188962303787	#A3A500
#00B0F6	0.579238121813564	0.459628055356143	#00B0F6
#00B0F6	0.57275649993213	0.451162173750979	#00B0F6
#00B0F6	0.572846517871219	0.451815898656566	#00B0F6
#F8766D	0.610304802498095	0.385620630429319	#F8766D
#00BF7D	0.465746435311927	0.45299013649867	#00BF7D
#00B0F6	0.57240533150734	0.451676487852838	#00B0F6
#A3A500	0.442877559939879	0.601218261477863	#A3A500
#A3A500	0.456876650804193	0.354637465162374	#A3A500
#A3A500	0.486469666904138	0.377331276395119	#A3A500
#00BF7D	0.484029135263304	0.45019761283261	#00BF7D
#A3A500	0.264010400239622	0.590861875416731	#A3A500
#F8766D	0.56856804590445	0.483441884400643	#F8766D
#00BF7D	0.466376397782098	0.582675772810987	#00BF7D
#00B0F6	0.557614514727501	0.454757824476943	#00B0F6
#00B0F6	0.565768399529907	0.568001981433298	#00B0F6
#A3A500	0.341062527833869	0.602381240079636	#A3A500
#E76BF3	0.335752610307556	0.477016186742739	#E76BF3
#00BF7D	0.509683691352323	0.459697222346455	#00BF7D
#00BF7D	0.458223058058562	0.458751780380306	#00BF7D
#E76BF3	0.171805863621399	0.507680346910918	#E76BF3
#00B0F6	0.589319463397535	0.448138869322801	#00B0F6
#00B0F6	0.618977510143418	0.573090042154115	#00B0F6
#A3A500	0.422936400607843	0.600521891294841	#A3A500
#00B0F6	0.519766817619514	0.450391836217164	#00B0F6
#A3A500	0.417236942224538	0.596629711994537	#A3A500
#00BF7D	0.440772289492753	0.565327549001493	#00BF7D
#00B0F6	0.591728236374508	0.45196906866236	#00B0F6
#A3A500	0.485267621206205	0.589282685107685	#A3A500
#00BF7D	0.448844598403041	0.458532502735606	#00BF7D
#00B0F6	0.542279518751149	0.562099434630752	#00B0F6
#E76BF3	0.252745179539342	0.490265536204696	#E76BF3
#F8766D	0.57874827233323	0.469521058752115	#F8766D
#00B0F6	0.562775268184074	0.34248172774889	#00B0F6
#F8766D	0.541667929805789	0.375072185783137	#F8766D
#00BF7D	0.486458928836455	0.453669707777865	#00BF7D
#00B0F6	0.564964896428051	0.559016830116905	#00B0F6
#A3A500	0.415255459134903	0.471430599670595	#A3A500
#00B0F6	0.603437965663057	0.346264370515741	#00B0F6
#00BF7D	0.465042554463692	0.566987203716792	#00BF7D
#00BF7D	0.47250026305602	0.449429091424912	#00BF7D
#00BF7D	0.475915380292427	0.465377587401784	#00BF7D
#A3A500	0.416776101546438	0.478387900745302	#A3A500
#00B0F6	0.595965999689501	0.454141869371269	#00B0F6
#00B0F6	0.587990245861932	0.567001311592246	#00B0F6
#00B0F6	0.595598569586428	0.553896968064906	#00B0F6
#A3A500	0.394898979431803	0.493682527720994	#A3A500
#00BF7D	0.463252496249988	0.567607834737001	#00BF7D
#00B0F6	0.562263718195326	0.459790992485087	#00B0F6
#F8766D	0.64778054311392	0.471065457357124	#F8766D
#00BF7D	0.464406806871949	0.687906382303295	#00BF7D
#A3A500	0.381197675156794	0.595011470484681	#A3A500
#00B0F6	0.591709184635735	0.555658847838144	#00B0F6
#E76BF3	0.323527938394321	0.48268696458826	#E76BF3
#A3A500	0.466016638575804	0.489174617542457	#A3A500
#00BF7D	0.451203468659209	0.459531480896488	#00BF7D
#A3A500	0.452359337893069	0.597463217246992	#A3A500
#F8766D	0.605354559397605	0.368483608821547	#F8766D
#00B0F6	0.526161070331499	0.454477510752305	#00B0F6
#00BF7D	0.512806175563385	0.456409459216658	#00BF7D
#A3A500	0.411731818997777	0.487128332184168	#A3A500
#A3A500	0.485256884836795	0.604911126185	#A3A500
#A3A500	0.443875305262051	0.484375269998191	#A3A500
#E76BF3	0.240700910866458	0.481071862561658	#E76BF3
#A3A500	0.474859141467947	0.48537388833239	#A3A500
#00B0F6	0.602721889227227	0.574131441364992	#00B0F6
#F8766D	0.597343527592631	0.472020542000475	#F8766D
#00B0F6	0.574476555425652	0.456162507918936	#00B0F6
#00B0F6	0.598013193337309	0.574540186347862	#00B0F6
#00B0F6	0.531048845076947	0.441067555363094	#00B0F6
#F8766D	0.601057487834704	0.472900595981085	#F8766D
#00BF7D	0.416656061272086	0.577555966226383	#00BF7D
#A3A500	0.425251402105102	0.498182891043283	#A3A500
#E76BF3	0.20520546209054	0.487021057873853	#E76BF3
#00BF7D	0.41084624426575	0.466310009468879	#00BF7D
#00B0F6	0.553171941397528	0.346120203665631	#00B0F6
#00BF7D	0.480994161512543	0.457143070612862	#00BF7D
#A3A500	0.417450973592439	0.492525648172387	#A3A500
#A3A500	0.448720493736274	0.482361358871914	#A3A500
#00B0F6	0.581658955544767	0.445966572536169	#00B0F6
#A3A500	0.43490365997656	0.352465348289083	#A3A500
#E76BF3	0.241130262547428	0.483253566644756	#E76BF3
#00BF7D	0.505320306655801	0.347122825232043	#00BF7D
#F8766D	0.525303600116422	0.367321928912458	#F8766D
#00B0F6	0.591691407940962	0.45995918958269	#00B0F6
#A3A500	0.409153839448264	0.486581184242123	#A3A500
#E76BF3	0.300853071015509	0.485590516904955	#E76BF3
#00BF7D	0.475973229322151	0.45702936208715	#00BF7D
#00BF7D	0.442596301299043	0.575892668105554	#00BF7D
#A3A500	0.499024032805069	0.463113056907801	#A3A500
#A3A500	0.504669070234239	0.480443573750409	#A3A500
#00BF7D	0.498108804798224	0.46523463297402	#00BF7D
#00BF7D	0.413390730521078	0.459718448272923	#00BF7D
#A3A500	0.479632223531218	0.48202758908439	#A3A500
#00BF7D	0.441812714022379	0.457307455544889	#00BF7D
#A3A500	0.440899823933383	0.485878814787429	#A3A500
#00B0F6	0.534801150467329	0.568187940965181	#00B0F6
#00BF7D	0.457475074224338	0.449914439319554	#00BF7D
#A3A500	0.458328933887914	0.370122043748866	#A3A500
#F8766D	0.558210977446001	0.481648942599235	#F8766D
#00BF7D	0.511515110846147	0.565418539483554	#00BF7D
#00BF7D	0.440092240127594	0.331662816633067	#00BF7D
#A3A500	0.525257224864921	0.485455571299479	#A3A500
#F8766D	0.605019659108584	0.365412947383649	#F8766D
#00BF7D	0.412864236781382	0.578749447466654	#00BF7D
#00B0F6	0.594305117610523	0.438930068806461	#00B0F6
#00BF7D	0.457327207255525	0.457608939728601	#00BF7D
#E76BF3	0.285426633321534	0.478266891897373	#E76BF3
#00BF7D	0.459729443088869	0.456028468018657	#00BF7D
#A3A500	0.479730689974764	0.358951644725339	#A3A500
#00BF7D	0.436921192193792	0.460857745300592	#00BF7D
#00BF7D	0.41876579891345	0.460360913938178	#00BF7D
#00B0F6	0.566808469612333	0.667465407380476	#00B0F6
#F8766D	0.587052488699905	0.470196358257557	#F8766D
#00BF7D	0.470827094151492	0.467158361899801	#00BF7D
#A3A500	0.419797690158149	0.490797366206802	#A3A500
#A3A500	0.500170842803267	0.468036464155051	#A3A500
#00B0F6	0.622440872095015	0.458361819187425	#00B0F6
#A3A500	0.4666633148669	0.488720691502667	#A3A500
#A3A500	0.452720917222234	0.480895099609958	#A3A500
#00BF7D	0.431945594437979	0.561496261685534	#00BF7D
#00BF7D	0.422390286295304	0.449907407538876	#00BF7D
#00B0F6	0.619423030566443	0.455812019359433	#00B0F6
#00BF7D	0.412670163135811	0.456656186286939	#00BF7D
#00BF7D	0.402314837463446	0.573644308147175	#00BF7D
#00BF7D	0.488441543980967	0.440911885395564	#00BF7D
#A3A500	0.496295170154932	0.490158792838971	#A3A500
#A3A500	0.43543766993946	0.697878768267609	#A3A500
#00B0F6	0.576969814575355	0.448602966626522	#00B0F6
#A3A500	0.449803603930839	0.4788199724904	#A3A500
#A3A500	0.508926848768139	0.48889106455307	#A3A500
#F8766D	0.588659175896069	0.483397107484506	#F8766D
#A3A500	0.419520093819982	0.490058314928597	#A3A500
#F8766D	0.625221466730784	0.477491501330553	#F8766D
#A3A500	0.458532419518075	0.478450104933488	#A3A500
#00BF7D	0.473132094989882	0.566571651180684	#00BF7D
#00B0F6	0.640176099607656	0.458361135351807	#00B0F6
#00BF7D	0.428511695129529	0.456480901941264	#00BF7D
#00BF7D	0.491383079872808	0.463168409228651	#00BF7D
#A3A500	0.446828541003435	0.6009678220235	#A3A500
#00B0F6	0.590521247584496	0.463889922300018	#00B0F6
#A3A500	0.394722916708084	0.486785354663167	#A3A500
#F8766D	0.587281421921618	0.480967823735463	#F8766D
#00BF7D	0.450139919842636	0.560956325437507	#00BF7D
#00BF7D	0.364830101566021	0.683318976263764	#00BF7D
#E76BF3	0.213629123599801	0.480859572383536	#E76BF3
#F8766D	0.617200285532407	0.469379776354875	#F8766D
#F8766D	0.594337839754516	0.472198002298951	#F8766D
#F8766D	0.595789385429426	0.36226872273574	#F8766D
#00BF7D	0.371645886327664	0.569441661157122	#00BF7D
#00BF7D	0.511286950472898	0.467807859345733	#00BF7D
#00B0F6	0.601040482290122	0.351071713371138	#00B0F6
#00BF7D	0.46323225495976	0.576782533523412	#00BF7D
#A3A500	0.436785620206288	0.470556993416539	#A3A500
#A3A500	0.388416677638134	0.592274803061748	#A3A500
#F8766D	0.600143400038494	0.372011056087652	#F8766D
#00BF7D	0.398717029121735	0.464459035471545	#00BF7D
#00B0F6	0.614946503643884	0.33598864842385	#00B0F6
#00BF7D	0.522110524510899	0.56421774676777	#00BF7D
#A3A500	0.460764762409158	0.491555032514951	#A3A500
#00B0F6	0.611918570218486	0.454262205536876	#00B0F6
#00B0F6	0.581359333233151	0.452218420140323	#00B0F6
#00BF7D	0.435038970453093	0.570468561862919	#00BF7D
#00B0F6	0.562466920257589	0.351096427454248	#00B0F6
#00B0F6	0.626282139008124	0.455952518139561	#00B0F6
#E76BF3	0.225771271740224	0.494254400899445	#E76BF3
#00B0F6	0.615836376995405	0.451642610350349	#00B0F6
#A3A500	0.476823979917687	0.37691640769463	#A3A500
#A3A500	0.399906391649781	0.60952948096005	#A3A500
#00BF7D	0.465115121173044	0.572366632824784	#00BF7D
#00BF7D	0.406623969780577	0.451735638828107	#00BF7D
#A3A500	0.496163436488522	0.590646639179854	#A3A500
#A3A500	0.506640630001792	0.478544639039585	#A3A500
#00B0F6	0.576088221153547	0.457140739411173	#00B0F6
#00BF7D	0.472286366521485	0.45715483377547	#00BF7D
#00B0F6	0.551794831895661	0.44888583578029	#00B0F6
#00BF7D	0.474639159932424	0.456790181873118	#00BF7D
#00B0F6	0.560232850179864	0.568279715064354	#00B0F6
#00BF7D	0.44888449400749	0.567460204394702	#00BF7D
#F8766D	0.592121857935432	0.475727041463733	#F8766D
#00B0F6	0.562444440443226	0.449696094402365	#00B0F6
#F8766D	0.587979644325887	0.486251431197969	#F8766D
#00BF7D	0.411489492481256	0.460765971201419	#00BF7D
#F8766D	0.566944127092383	0.36386164144391	#F8766D
#00BF7D	0.456742771549877	0.564769221950964	#00BF7D
#E76BF3	0.152222275024417	0.608258655147133	#E76BF3
#00BF7D	0.418957350466988	0.454856517064142	#00BF7D
#00BF7D	0.365929741407327	0.448490152652711	#00BF7D
#00BF7D	0.432184619556517	0.451444370222425	#00BF7D
#A3A500	0.420668779739355	0.578094454671326	#A3A500
#00BF7D	0.51050103989163	0.453374491407366	#00BF7D
#00B0F6	0.60614389635619	0.448717079293016	#00B0F6
#00BF7D	0.530780067289877	0.458184594269686	#00BF7D
#00B0F6	0.573028019425069	0.450537594965951	#00B0F6
#F8766D	0.560715107798479	0.36208263875791	#F8766D
#F8766D	0.582030685965607	0.380337122748306	#F8766D
#00BF7D	0.441090921646007	0.571983185979147	#00BF7D
#A3A500	0.505760360964803	0.485219170742018	#A3A500
#00B0F6	0.578024276872374	0.46136868453846	#00B0F6
#00BF7D	0.454972310153817	0.451020238321064	#00BF7D
#F8766D	0.540430322562553	0.360678459238194	#F8766D
#A3A500	0.429064112358619	0.593009626880299	#A3A500
#A3A500	0.396723166270321	0.351982051901295	#A3A500
#E76BF3	0.246844622784545	0.602021275245116	#E76BF3
#00BF7D	0.426567912715618	0.352327205375096	#00BF7D
#00BF7D	0.397858325759794	0.460095627305348	#00BF7D
#00B0F6	0.597016580070015	0.553426243121291	#00B0F6
#00B0F6	0.576772505184138	0.457513286843161	#00B0F6
#00B0F6	0.622623698033684	0.455220274414592	#00B0F6
#00B0F6	0.572227618933766	0.346217193419364	#00B0F6
#F8766D	0.544025575070852	0.493809156364266	#F8766D
#00B0F6	0.52896830856776	0.566221486630117	#00B0F6
#00B0F6	0.647464601627444	0.344086074457437	#00B0F6
#A3A500	0.455904636641472	0.59094648715079	#A3A500
#00BF7D	0.463464423927119	0.456550417604963	#00BF7D
#A3A500	0.40941621492507	0.367675152814432	#A3A500
#00B0F6	0.510676103695564	0.562560268005272	#00B0F6
#A3A500	0.354323651122269	0.494280092024166	#A3A500
#00B0F6	0.617916645536135	0.458535331721082	#00B0F6
#00BF7D	0.364746195911812	0.471775808611791	#00BF7D
#00B0F6	0.59848845997138	0.454541207057673	#00B0F6
#00B0F6	0.525034275552208	0.455828793598807	#00B0F6
#A3A500	0.396910895102206	0.604758335655536	#A3A500
#F8766D	0.614057241023568	0.477072684865246	#F8766D
#A3A500	0.472823881896762	0.478808029414451	#A3A500
#00B0F6	0.612976686662414	0.456668646796322	#00B0F6
#00BF7D	0.347182604127517	0.575872156817646	#00BF7D
#00BF7D	0.44989617770334	0.455528272945548	#00BF7D
#00B0F6	0.581038371317807	0.454058818732944	#00B0F6
#A3A500	0.445262145756057	0.372613991294273	#A3A500
#00BF7D	0.432505355400539	0.465053360509968	#00BF7D
#00B0F6	0.626873756329986	0.4593978228304	#00B0F6
#00B0F6	0.535674379178955	0.450185309929978	#00B0F6
#00BF7D	0.424492580809482	0.449809230027249	#00BF7D
#E76BF3	0.164029883780504	0.506755111873389	#E76BF3
#00B0F6	0.613986366061208	0.453658113375304	#00B0F6
#00BF7D	0.455125022519267	0.466771551343469	#00BF7D
#F8766D	0.534184355220645	0.469542589037872	#F8766D
#F8766D	0.560725257191882	0.473731296912517	#F8766D
#E76BF3	0.215223615208371	0.60793032524161	#E76BF3
#00B0F6	0.608986129001958	0.352760937997423	#00B0F6
#A3A500	0.406349575446678	0.471536088657735	#A3A500
#00B0F6	0.54774771415065	0.563716184023426	#00B0F6
#F8766D	0.615251106185503	0.256804292779557	#F8766D
#A3A500	0.421857398401102	0.502095232958108	#A3A500
#00BF7D	0.437274648483536	0.568444659386052	#00BF7D
#A3A500	0.46231716178628	0.482525788118039	#A3A500
#A3A500	0.482893162726503	0.484810525540642	#A3A500
#E76BF3	0.303528930032561	0.490338819719872	#E76BF3
#00BF7D	0.360668552649805	0.580510518958327	#00BF7D
#00B0F6	0.556888875874275	0.443699137939669	#00B0F6
#00BF7D	0.458577293654255	0.575155288857873	#00BF7D
#F8766D	0.584501281126763	0.370229373526576	#F8766D
#00BF7D	0.367922095699737	0.461682502427747	#00BF7D
#E76BF3	0.219028279759254	0.598061756233912	#E76BF3
#00BF7D	0.496982555097804	0.455906080346196	#00BF7D
#F8766D	0.593793150918784	0.374885038493361	#F8766D
#00B0F6	0.548910147812032	0.459859699867221	#00B0F6
#00BF7D	0.474130562121425	0.226073238997499	#00BF7D
#00B0F6	0.545178460216006	0.560806183980177	#00B0F6
#F8766D	0.581061588540983	0.48087300993453	#F8766D
#A3A500	0.470467979417783	0.47885212249497	#A3A500
#A3A500	0.510781519226517	0.469883490387567	#A3A500
#00B0F6	0.59313140250086	0.569094829514306	#00B0F6
#00B0F6	0.553027367670939	0.455283137773944	#00B0F6
#F8766D	0.607271698211024	0.380023011653027	#F8766D
#F8766D	0.62820956204831	0.482762257654052	#F8766D
#00BF7D	0.487370821703939	0.466676961769977	#00BF7D
#F8766D	0.565773286823682	0.474850531107159	#F8766D
#F8766D	0.600272994574484	0.4768229292465	#F8766D
#A3A500	0.46840594141274	0.476050291313938	#A3A500
#00B0F6	0.578903865997127	0.561752309781944	#00B0F6
#F8766D	0.618066071116848	0.468474020096249	#F8766D
#00BF7D	0.478836347730731	0.457093437868849	#00BF7D
#E76BF3	0.220954186084678	0.490641043206597	#E76BF3
#F8766D	0.583554621619366	0.488762857522279	#F8766D
#E76BF3	0.256139183243342	0.486353194289871	#E76BF3
#F8766D	0.629106460125754	0.360675040060105	#F8766D
#00B0F6	0.567727161134418	0.458180870732308	#00B0F6
#00BF7D	0.483747105472277	0.45100124381479	#00BF7D
#00BF7D	0.478837672115551	0.45523019678663	#00BF7D
#00B0F6	0.566175767134566	0.460577320641164	#00B0F6
#A3A500	0.460755164552111	0.464882347938046	#A3A500
#00BF7D	0.464179778553577	0.452338767459226	#00BF7D
#00BF7D	0.48702065865642	0.46055848138378	#00BF7D
#00BF7D	0.416133943488672	0.462572268064111	#00BF7D
#00BF7D	0.463991294170942	0.574760986912687	#00BF7D
#A3A500	0.416179319820389	0.446727229217172	#A3A500
#00B0F6	0.61019078802988	0.349336119930039	#00B0F6
#A3A500	0.42701271948503	0.493650422030524	#A3A500
#00B0F6	0.577053571495031	0.346745186591441	#00B0F6
#A3A500	0.433955769020571	0.493081015653005	#A3A500
#00BF7D	0.481574808237916	0.456720386514584	#00BF7D
#F8766D	0.580330871762313	0.366162089793938	#F8766D
#00BF7D	0.415420458325905	0.454240841653304	#00BF7D
#00B0F6	0.606997847257722	0.44985361631376	#00B0F6
#00B0F6	0.592238101073749	0.44835075536014	#00B0F6
#A3A500	0.469101380214005	0.581438702412473	#A3A500
#00B0F6	0.625492348208624	0.46732781573385	#00B0F6
#A3A500	0.459202446167439	0.46914203892912	#A3A500
#A3A500	0.459202446167439	0.46914203892912	#A3A500
#00B0F6	0.544306732619701	0.463969988703978	#00B0F6
#00BF7D	0.48203394802707	0.339583870344579	#00BF7D
#A3A500	0.417589016632885	0.473607852066598	#A3A500
#A3A500	0.494352258284926	0.475750623256343	#A3A500
#00B0F6	0.567848709967774	0.458297439046439	#00B0F6
#A3A500	0.48500231339186	0.494892572484356	#A3A500
#A3A500	0.437360602030209	0.493759174946865	#A3A500
#00B0F6	0.540776922701118	0.458085148868317	#00B0F6
#A3A500	0.429610847388543	0.464803928900158	#A3A500
#F8766D	0.628815662822721	0.480438786901084	#F8766D
#F8766D	0.525420396489369	0.364211626081136	#F8766D
#00B0F6	0.602656446637511	0.446885584074585	#00B0F6
#E76BF3	0.217547342320499	0.503228472888848	#E76BF3
#00B0F6	0.543750300339016	0.44962825076919	#00B0F6
#00B0F6	0.549462053703629	0.455525177776394	#00B0F6
#F8766D	0.539851737630813	0.484651760403958	#F8766D
#F8766D	0.535476383418016	0.470497978040511	#F8766D
#00BF7D	0.512082499110078	0.45302663840884	#00BF7D
#00BF7D	0.497568053677301	0.574585018731394	#00BF7D
#00BF7D	0.477739618170037	0.460493317625681	#00BF7D
#00B0F6	0.564060256056082	0.232109017418759	#00B0F6
#A3A500	0.479632223531218	0.48202758908439	#A3A500
#F8766D	0.572597535689221	0.586312825589097	#F8766D
#00BF7D	0.513980083002989	0.462338392132838	#00BF7D
#E76BF3	0.284571358035182	0.478993595958847	#E76BF3
#00BF7D	0.431773958709634	0.457400597315298	#00BF7D
#00B0F6	0.618155216813759	0.440092208323727	#00B0F6
#00B0F6	0.584686301994158	0.454970114655065	#00B0F6
#00BF7D	0.54087576564879	0.572250773010724	#00BF7D
#00B0F6	0.585157234569084	0.452388568963286	#00B0F6
#A3A500	0.429368940971558	0.498375882355843	#A3A500
#00BF7D	0.505710046300221	0.457399453871503	#00BF7D
#A3A500	0.468162843746028	0.475817154685677	#A3A500
#F8766D	0.600830106767404	0.384106510235367	#F8766D
#F8766D	0.597815784552377	0.467575755226478	#F8766D
#00BF7D	0.516461507469784	0.456821144119794	#00BF7D
#00B0F6	0.618883419656155	0.46215128915716	#00B0F6
#E76BF3	0.212798615992766	0.491087837684215	#E76BF3
#00B0F6	0.607522429636591	0.459962957434166	#00B0F6
#E76BF3	0.202556014145174	0.49468062862176	#E76BF3
#F8766D	0.641265839882079	0.480449362305798	#F8766D
#00BF7D	0.501472927457813	0.560421569026293	#00BF7D
#A3A500	0.431586840608956	0.461362311928948	#A3A500
#00BF7D	0.37654659406952	0.567575560286485	#00BF7D
#00BF7D	0.493823567918232	0.567609326854184	#00BF7D
#F8766D	0.576076160399317	0.474632421570707	#F8766D
#F8766D	0.562148381040565	0.364659732762595	#F8766D
#00B0F6	0.582384820469313	0.44157587019328	#00B0F6
#F8766D	0.603341602910281	0.476293668184681	#F8766D
#00BF7D	0.352667386670335	0.578673484076401	#00BF7D
#00BF7D	0.364787457798218	0.462243005431076	#00BF7D
#00BF7D	0.479689612262542	0.469632322783487	#00BF7D
#A3A500	0.348691546689508	0.488493429700132	#A3A500
#E76BF3	0.300853071015509	0.485590516904955	#E76BF3
#00B0F6	0.592000535173396	0.460161084269439	#00B0F6
#F8766D	0.553054558048574	0.476507605728874	#F8766D
#E76BF3	0.328227908669371	0.484641071706593	#E76BF3
#00BF7D	0.490366643716549	0.571873469532353	#00BF7D
#00B0F6	0.608648445109932	0.449795080195557	#00B0F6
#00B0F6	0.600991004428067	0.56454060598835	#00B0F6
#00B0F6	0.543622313755745	0.559975762743581	#00B0F6
#00B0F6	0.645197811103998	0.467291438269626	#00B0F6
#00B0F6	0.580289701113863	0.456623825566086	#00B0F6
#00BF7D	0.464912959927702	0.462175330557947	#00BF7D
#00BF7D	0.414216160202669	0.345837949368928	#00BF7D
#F8766D	0.591960371600489	0.483280035248099	#F8766D
#00B0F6	0.56572397753637	0.440398019748587	#00B0F6
#F8766D	0.568315024915656	0.356110700737612	#F8766D
#00B0F6	0.58904836230586	0.569407752851691	#00B0F6
#00B0F6	0.574459968282334	0.454977930052854	#00B0F6
#E76BF3	0.216986256973119	0.601534615146633	#E76BF3
#A3A500	0.313046034317779	0.474964829825484	#A3A500
#F8766D	0.61734029912853	0.493083664725139	#F8766D
#00B0F6	0.559856269603173	0.454097552063309	#00B0F6
#00B0F6	0.584905730295052	0.459287837842066	#00B0F6
#00BF7D	0.441119704376919	0.459297760214104	#00BF7D
#A3A500	0.415260856067897	0.579852386679746	#A3A500
#00BF7D	0.436832137734836	0.570168489664542	#00BF7D
#00BF7D	0.406523080638713	0.563088676471428	#00BF7D
#A3A500	0.44066380848917	0.480376513734346	#A3A500
#A3A500	0.430394789112407	0.375905622057041	#A3A500
#00B0F6	0.568206500316663	0.448466919533488	#00B0F6
#E76BF3	0.274249886561688	0.491292716605329	#E76BF3
#00BF7D	0.435121948066819	0.459794187435735	#00BF7D
#F8766D	0.589666751604094	0.473433220753599	#F8766D
#00BF7D	0.495456934154539	0.4611712970062	#00BF7D
#E76BF3	0.161002176426427	0.609579280106248	#E76BF3
#00B0F6	0.559545817985919	0.455758898458778	#00B0F6
#F8766D	0.567502847238022	0.486304607566019	#F8766D
#F8766D	0.572725522272492	0.475965313614706	#F8766D
#00B0F6	0.647730002378017	0.458695129366772	#00B0F6
#F8766D	0.539136283610641	0.372988659211667	#F8766D
#A3A500	0.460325905807369	0.482919586140949	#A3A500
#00BF7D	0.392703004675866	0.468540438232932	#00BF7D
#00B0F6	0.583483193422377	0.441082302760066	#00B0F6
#00B0F6	0.651649912845706	0.463028887490134	#00B0F6
#00BF7D	0.457327165358389	0.574206203486193	#00BF7D
#00BF7D	0.428244567192314	0.572160062223499	#00BF7D
#00B0F6	0.598135103075351	0.462829044310238	#00B0F6
#A3A500	0.479245551057703	0.488668783024359	#A3A500
#F8766D	0.571649813307975	0.479007088977235	#F8766D
#00B0F6	0.541506902070975	0.447382210859205	#00B0F6
#A3A500	0.421205190343647	0.490505693460338	#A3A500
#00B0F6	0.547764662198654	0.453073051537753	#00B0F6
#00BF7D	0.447579986654626	0.463352192807734	#00BF7D
#00BF7D	0.519384578598858	0.455490347896747	#00BF7D
#A3A500	0.457010127256686	0.372930682483134	#A3A500
#E76BF3	0.198817379160013	0.504517955687947	#E76BF3
#00BF7D	0.473638666446899	0.461484904179203	#00BF7D
#E76BF3	0.195532677662683	0.485600663504434	#E76BF3
#00BF7D	0.45132223388956	0.559752852846646	#00BF7D
#00B0F6	0.532538961971486	0.441929218541201	#00B0F6
#A3A500	0.433893393601759	0.482752980942023	#A3A500
#E76BF3	0.25710892514055	0.491012222967349	#E76BF3
#00B0F6	0.601133155456337	0.443654765164314	#00B0F6
#A3A500	0.477630818158904	0.370772728952692	#A3A500
#00B0F6	0.518974143823296	0.445997186109456	#00B0F6
#E76BF3	0.260797437791071	0.589448872654672	#E76BF3
#00B0F6	0.621973593666999	0.450584088226711	#00B0F6
#A3A500	0.448891124087348	0.593089817730206	#A3A500
#00BF7D	0.439942326964589	0.564875978827846	#00BF7D
#00B0F6	0.608075199614608	0.449718153274851	#00B0F6
#00BF7D	0.435554592990014	0.563444325218096	#00BF7D
#F8766D	0.639233229080533	0.470157021223421	#F8766D
#00B0F6	0.561936998442304	0.465037314420311	#00B0F6
#A3A500	0.437439110751425	0.596880555589683	#A3A500
#00BF7D	0.504303190587307	0.562886042481665	#00BF7D
#00BF7D	0.472528458810926	0.464020764891787	#00BF7D
#A3A500	0.471433648766817	0.373226123081075	#A3A500
#00B0F6	0.562466920257589	0.351096427454248	#00B0F6
#00B0F6	0.629959496887971	0.449373304160337	#00B0F6
#F8766D	0.60213219142195	0.476491615106613	#F8766D
#00BF7D	0.434763796813244	0.58145241730044	#00BF7D
#A3A500	0.483996230643399	0.25507181415726	#A3A500
#00BF7D	0.47618987402004	0.56145188891018	#00BF7D
#F8766D	0.573035329417162	0.369109051355534	#F8766D
#00B0F6	0.628608840354926	0.447949546080224	#00B0F6
#00BF7D	0.408380627636324	0.464195240955897	#00BF7D
#A3A500	0.511363625170075	0.371219243735475	#A3A500
#A3A500	0.476128866581458	0.371953359053956	#A3A500
#00B0F6	0.573261747004328	0.347938667831712	#00B0F6
#A3A500	0.492690505662043	0.370793295707996	#A3A500
#00B0F6	0.598489465348651	0.447908412569617	#00B0F6
#00BF7D	0.427100540797121	0.46713185134022	#00BF7D
#A3A500	0.457586120915364	0.485155878577432	#A3A500
#A3A500	0.417670627964655	0.481393982479225	#A3A500
#F8766D	0.577628234311404	0.36517781471593	#F8766D
#00B0F6	0.534210637916452	0.673984593124314	#00B0F6
#00BF7D	0.407848644027406	0.454585510854476	#00BF7D
#00B0F6	0.554283891819584	0.462365406614694	#00B0F6
#00BF7D	0.436018578175805	0.469753622479547	#00BF7D
#00BF7D	0.468859733609719	0.448018184483806	#00BF7D
#A3A500	0.445717496564935	0.362215073248356	#A3A500
#F8766D	0.620548635794278	0.359945656123554	#F8766D
#A3A500	0.463823865824136	0.484572029162228	#A3A500
#00BF7D	0.438302239410467	0.564755462748897	#00BF7D
#F8766D	0.616592541365627	0.468796934784224	#F8766D
#00B0F6	0.567118411590368	0.464230823649713	#00B0F6
#A3A500	0.525404546754864	0.488440906364758	#A3A500
#00B0F6	0.55536357393856	0.45373390800551	#00B0F6
#F8766D	0.542195026120933	0.477833366210702	#F8766D
#E76BF3	0.250009367801797	0.486912105394524	#E76BF3
#A3A500	0.378118591962559	0.383466710934032	#A3A500
#E76BF3	0.290463147277974	0.486197972777222	#E76BF3
#00BF7D	0.452494271865475	0.57822486231937	#00BF7D
#00BF7D	0.368370364286116	0.456552748806652	#00BF7D
#00B0F6	0.567741644586967	0.452412095288501	#00B0F6
#A3A500	0.441567520820656	0.485066784353336	#A3A500
#F8766D	0.528272643695174	0.476282464411745	#F8766D
#F8766D	0.648816314576851	0.475693244093092	#F8766D
#00BF7D	0.396435562815798	0.457339481103512	#00BF7D
#00B0F6	0.593621874396852	0.219671654076797	#00B0F6
#A3A500	0.379439785852455	0.60463405172511	#A3A500
#00BF7D	0.388055224986576	0.577518780480594	#00BF7D
#00B0F6	0.562549721140814	0.453397638256251	#00B0F6
#00BF7D	0.440598550073639	0.454278531321368	#00BF7D
#A3A500	0.478853488108678	0.482543999007201	#A3A500
#00BF7D	0.478187242283832	0.350168648140884	#00BF7D
#F8766D	0.570019456745994	0.469890926309027	#F8766D
#A3A500	0.461748668751365	0.485675732342785	#A3A500
#A3A500	0.471978337602549	0.470539086886665	#A3A500
#A3A500	0.401551499632769	0.480830215546695	#A3A500
#00BF7D	0.410320337502061	0.458063909430691	#00BF7D
#A3A500	0.448243442418982	0.600176538258051	#A3A500
#00BF7D	0.443338434359358	0.567916990222909	#00BF7D
#00BF7D	0.503180503795841	0.462269280609921	#00BF7D
#A3A500	0.431327986143967	0.605577397870306	#A3A500
#00B0F6	0.622137502700261	0.454754001158071	#00B0F6
#00BF7D	0.460339290946418	0.463564662899197	#00BF7D
#F8766D	0.58813194474756	0.477014248528537	#F8766D
#E76BF3	0.214861978382629	0.492026427783028	#E76BF3
#A3A500	0.458499338167668	0.496299891487326	#A3A500
#A3A500	0.403418877016234	0.48881588477993	#A3A500
#F8766D	0.586331276842053	0.36193918040787	#F8766D
#00BF7D	0.400524679856028	0.458390187829361	#00BF7D
#E76BF3	0.169867385204254	0.491729495067905	#E76BF3
#A3A500	0.496615033756776	0.474732246448405	#A3A500
#00B0F6	0.548308062089218	0.339996183615938	#00B0F6
#00B0F6	0.599741237036886	0.451763810264916	#00B0F6
#00BF7D	0.488181633099617	0.454943559781385	#00BF7D
#00BF7D	0.490987907855744	0.456723066389661	#00BF7D
#F8766D	0.578808544061273	0.472895740153208	#F8766D
#00B0F6	0.55728039374443	0.460503757431153	#00B0F6
#00B0F6	0.579759920589428	0.569842200112578	#00B0F6
#00BF7D	0.405973278437885	0.574376551872144	#00BF7D
#00B0F6	0.580034449756693	0.453663428811358	#00B0F6
#00BF7D	0.415316275941816	0.464125445597362	#00BF7D
#F8766D	0.604606214658696	0.471473978112554	#F8766D
#F8766D	0.61209655245879	0.366964857027159	#F8766D
#00B0F6	0.520246936107709	0.449494479410451	#00B0F6
#E76BF3	0.234549168845179	0.604496423886696	#E76BF3
#E76BF3	0.26632393606121	0.491108628666959	#E76BF3
#A3A500	0.481808309745854	0.369570848260508	#A3A500
#00B0F6	0.587616774353281	0.453139707413034	#00B0F6
#00B0F6	0.598054298333423	0.216660616733502	#00B0F6
#00B0F6	0.599157481243473	0.451865935541362	#00B0F6
#00BF7D	0.514984004564104	0.462733782054424	#00BF7D
#00BF7D	0.461574021650421	0.557844250794168	#00BF7D
#00B0F6	0.518250021684833	0.569168952113989	#00B0F6
#00B0F6	0.559414403327059	0.561016298205498	#00B0F6
#A3A500	0.397606369343121	0.497893673944455	#A3A500
#F8766D	0.58239698231553	0.479248949066343	#F8766D
#A3A500	0.484235313258514	0.377491937789768	#A3A500
#F8766D	0.575395304444315	0.479349986366389	#F8766D
#F8766D	0.53130296437924	0.581984886824065	#F8766D
#00BF7D	0.444958223126674	0.344740189992648	#00BF7D
#A3A500	0.434737839582472	0.477435775671863	#A3A500
#A3A500	0.403007762328436	0.586380879938556	#A3A500
#E76BF3	0.232375673903605	0.48075466745052	#E76BF3
#F8766D	0.581019547348627	0.481589218723138	#F8766D
#00BF7D	0.45653760063021	0.570132112200319	#00BF7D
#A3A500	0.447463969587629	0.475279090031163	#A3A500
#00BF7D	0.460388053456587	0.569407000037521	#00BF7D
#00BF7D	0.464932556745346	0.347805715907833	#00BF7D
#F8766D	0.584278198678958	0.376270926992068	#F8766D
#00BF7D	0.49101399991988	0.464361386546646	#00BF7D
#00B0F6	0.55262000006628	0.562707798566078	#00B0F6
#E76BF3	0.206929171730972	0.481662115389316	#E76BF3
#00BF7D	0.439134525243237	0.461055188300247	#00BF7D
#A3A500	0.421265050127913	0.468891879169593	#A3A500
#00BF7D	0.446543209814425	0.465357200559822	#00BF7D
#A3A500	0.31545544530985	0.488334135976719	#A3A500
#00B0F6	0.568335549773783	0.563958628166658	#00B0F6
#00BF7D	0.486814163351933	0.467784612715353	#00BF7D
#A3A500	0.412551590235403	0.492528507960806	#A3A500
#E76BF3	0.212384527070294	0.491953952549416	#E76BF3
#00BF7D	0.42141310127091	0.562345253637975	#00BF7D
#A3A500	0.479776117345572	0.479922811921998	#A3A500
#00B0F6	0.601672540295304	0.452764884246751	#00B0F6
#E76BF3	0.274741520725243	0.483583513113408	#E76BF3
#F8766D	0.635656534271229	0.380832586439484	#F8766D
#00B0F6	0.604458573761204	0.463719089641438	#00B0F6
#F8766D	0.59760796486307	0.47666512764027	#F8766D
#A3A500	0.433016360310416	0.358423931248097	#A3A500
#00BF7D	0.358597689636179	0.464196788540474	#00BF7D
#00B0F6	0.589938497168354	0.457359253088408	#00B0F6
#00BF7D	0.492304929803752	0.451730627751341	#00BF7D
#F8766D	0.621537613604444	0.362062780502678	#F8766D
#A3A500	0.493532260975979	0.485799836359869	#A3A500
#00B0F6	0.587453283721284	0.569614099225536	#00B0F6
#00BF7D	0.45632538938518	0.464166903116904	#00BF7D
#00B0F6	0.546074126844858	0.460801149754453	#00B0F6
#00B0F6	0.585005578619995	0.566820667496417	#00B0F6
#F8766D	0.531507490826323	0.471427080711011	#F8766D
#F8766D	0.580361036374623	0.484085438042297	#F8766D
#A3A500	0.471325032929869	0.384653409285519	#A3A500
#F8766D	0.611970663108803	0.388609913259415	#F8766D
#F8766D	0.570894463683354	0.258416286125848	#F8766D
#A3A500	0.507958566089116	0.385990473321778	#A3A500
#F8766D	0.612577216025855	0.355387664746121	#F8766D
#00B0F6	0.573480261165907	0.439818118098202	#00B0F6
#00BF7D	0.373791220953982	0.466338671316807	#00BF7D
#00BF7D	0.366533569916225	0.687134732565638	#00BF7D
#00B0F6	0.573569054113891	0.55820983542403	#00B0F6
#F8766D	0.5712184927696	0.373493710112652	#F8766D
#F8766D	0.653601685163946	0.378695883499963	#F8766D
#00B0F6	0.57002977471414	0.333618180487846	#00B0F6
#F8766D	0.553094495550161	0.468838043630378	#F8766D
#00BF7D	0.50606153373256	0.461654693175482	#00BF7D
#F8766D	0.580876432840224	0.492510590277637	#F8766D
#00B0F6	0.572819158918841	0.678512834677419	#00B0F6
#A3A500	0.508449647018041	0.354015286557587	#A3A500
#00B0F6	0.597126974132697	0.448526947768874	#00B0F6
#00BF7D	0.512558283539127	0.569546715200538	#00BF7D
#00BF7D	0.45071659341355	0.566123364585884	#00BF7D
#A3A500	0.46041185765577	0.468944092007189	#A3A500
#00BF7D	0.481570055777507	0.453493515369132	#00BF7D
#00B0F6	0.636016200541294	0.454114799422017	#00B0F6
#F8766D	0.599684486320661	0.473698183377494	#F8766D
#E76BF3	0.252677825588799	0.492160019228425	#E76BF3
#00B0F6	0.600270797947486	0.449650633650611	#00B0F6
#00B0F6	0.650263333862671	0.347087704504265	#00B0F6
#00B0F6	0.625695734445071	0.459781125580444	#00B0F6
#F8766D	0.543713245834149	0.473067760569683	#F8766D
#00BF7D	0.489694094975153	0.45358387748297	#00BF7D
#A3A500	0.465427711920718	0.365405566929584	#A3A500
#F8766D	0.55605316366419	0.481599309855221	#F8766D
#F8766D	0.552155959082184	0.363216495903578	#F8766D
#F8766D	0.659958237200206	0.361736142277325	#F8766D
#00BF7D	0.483927282641306	0.451586181206394	#00BF7D
#00BF7D	0.470521940073517	0.461366743966396	#00BF7D
#00BF7D	0.411957457278993	0.457141354268239	#00BF7D
#00BF7D	0.402509498085024	0.568460470094972	#00BF7D
#00BF7D	0.510062920698654	0.570152903183063	#00BF7D
#00BF7D	0.453196693495525	0.562469357655059	#00BF7D
#A3A500	0.405316587586752	0.366803498285735	#A3A500
#A3A500	0.419594756064344	0.467445278599882	#A3A500
#A3A500	0.35035439762589	0.60703690504642	#A3A500
#00BF7D	0.477134522772897	0.456183993890593	#00BF7D
#00BF7D	0.470634302993604	0.45979912339546	#00BF7D
#F8766D	0.616790630062795	0.468703208959691	#F8766D
#00BF7D	0.448497863431111	0.457504134577079	#00BF7D
#00B0F6	0.609887702203024	0.562750928116143	#00B0F6
#A3A500	0.421843141019874	0.492414619521752	#A3A500
#00BF7D	0.502805346997685	0.462098627864682	#00BF7D
#A3A500	0.463400632885531	0.367156691384767	#A3A500
#00B0F6	0.547786227873702	0.442035111669123	#00B0F6
#00BF7D	0.455155816004721	0.34082053660231	#00BF7D
#F8766D	0.643505851971668	0.361008026230516	#F8766D
#F8766D	0.585216770586586	0.269639401909248	#F8766D
#F8766D	0.587030597559822	0.380808935668322	#F8766D
#00BF7D	0.440775979079315	0.342715199539381	#00BF7D
#00BF7D	0.434177199920248	0.449187331117297	#00BF7D
#00B0F6	0.629453060264319	0.458081729690227	#00B0F6
#00BF7D	0.461395303699577	0.459017750848754	#00BF7D
#F8766D	0.567401121293631	0.356369035721612	#F8766D
#00B0F6	0.602791933844546	0.451913212419234	#00B0F6
#A3A500	0.458691576090927	0.479393146719396	#A3A500
#00B0F6	0.563321055333305	0.453380839352425	#00B0F6
#F8766D	0.574871501371395	0.47805723963809	#F8766D
#00BF7D	0.399133766813847	0.459866438441906	#00BF7D
#F8766D	0.566379026693407	0.584354770705946	#F8766D
#00BF7D	0.465084496262333	0.450396243590159	#00BF7D
#A3A500	0.447386424346547	0.482122178657882	#A3A500
#F8766D	0.579920436986751	0.356668928006647	#F8766D
#E76BF3	0.146201493821084	0.718034584791208	#E76BF3
#00B0F6	0.533738097388807	0.461406753682854	#00B0F6
#00BF7D	0.492937901948249	0.465862071547466	#00BF7D
#00B0F6	0.611949095735482	0.460357843433476	#00B0F6
#00B0F6	0.519774863322148	0.555087141061878	#00B0F6
#E76BF3	0.191407051196456	0.497309631104752	#E76BF3
#A3A500	0.397207089338233	0.593416375823711	#A3A500
#A3A500	0.39132584583318	0.373779873998563	#A3A500
#F8766D	0.631281959364383	0.375495398468145	#F8766D
#E76BF3	0.305658966460731	0.596441083740873	#E76BF3
#00B0F6	0.620697926541625	0.466262665970317	#00B0F6
#A3A500	0.376374831663568	0.594804036134436	#A3A500
#00BF7D	0.4145083393871	0.456682976541355	#00BF7D
#F8766D	0.591924449150499	0.368762610342344	#F8766D
#A3A500	0.421077790736383	0.473576106202811	#A3A500
#00B0F6	0.556467478657983	0.465283806109856	#00B0F6
#00BF7D	0.46721360465002	0.234280965532004	#00BF7D
#A3A500	0.476816217782952	0.489243729065373	#A3A500
#00BF7D	0.438749863524262	0.454430793264104	#00BF7D
#A3A500	0.417589016632885	0.473607852066598	#A3A500
#00B0F6	0.576783015482227	0.45733423464601	#00B0F6
#E76BF3	0.256335586651003	0.599950419899311	#E76BF3
#F8766D	0.623210655831366	0.47565765024598	#F8766D
#00BF7D	0.394772769375993	0.57126802085284	#00BF7D
#F8766D	0.532073009626563	0.371578256192837	#F8766D
#E76BF3	0.226195870960785	0.493209233837091	#E76BF3
#00BF7D	0.500441682383971	0.57447004231594	#00BF7D
#F8766D	0.591106781603643	0.370315787875596	#F8766D
#00BF7D	0.476726191688104	0.453644185413191	#00BF7D
#A3A500	0.430062050010732	0.612260329024653	#A3A500
#F8766D	0.593939467431457	0.384503168046695	#F8766D
#00B0F6	0.556039451361832	0.46123886094454	#00B0F6
#00B0F6	0.596153520592001	0.221755180648267	#00B0F6
#E76BF3	0.219136344059846	0.50165849645177	#E76BF3
#E76BF3	0.339523095194533	0.471411256490934	#E76BF3
#A3A500	0.392988278368299	0.371679044600989	#A3A500
#00B0F6	0.622153728938892	0.567766289375908	#00B0F6
#A3A500	0.429575662347366	0.475700362144106	#A3A500
#00BF7D	0.390190374779841	0.575020205295293	#00BF7D
#00BF7D	0.394464322055794	0.464007969220173	#00BF7D
#F8766D	0.538744313597845	0.387082817480509	#F8766D
#F8766D	0.636937279322047	0.468806242299196	#F8766D
#00BF7D	0.550309786469081	0.456020597153473	#00BF7D
#00BF7D	0.481874430549532	0.450468538910429	#00BF7D
#A3A500	0.454516507202297	0.492317934127307	#A3A500
#A3A500	0.502048823421049	0.496062023477135	#A3A500
#A3A500	0.482666007730525	0.380567050914761	#A3A500
#00BF7D	0.415430968623994	0.454061789456152	#00BF7D
#00BF7D	0.461830052313541	0.569621241941003	#00BF7D
#00B0F6	0.54467603864395	0.44732762250582	#00B0F6
#A3A500	0.419113087120009	0.485655265368976	#A3A500
#00BF7D	0.400572797893613	0.459037609103986	#00BF7D
#00B0F6	0.567737990440056	0.462771371940994	#00B0F6
#A3A500	0.463796675446501	0.463347561207297	#A3A500
#A3A500	0.426254905264953	0.377933976221003	#A3A500
#A3A500	0.473435054139131	0.484480983212772	#A3A500
#E76BF3	0.183718985603881	0.490084767662921	#E76BF3
#A3A500	0.511527534203336	0.375389156666835	#A3A500
#00BF7D	0.477789060592442	0.459277497818089	#00BF7D
#00BF7D	0.46206642866244	0.463295832642331	#00BF7D
#E76BF3	0.184802875104396	0.495359975673515	#E76BF3
#F8766D	0.568803968412434	0.468725243167724	#F8766D
#00BF7D	0.442551879305505	0.448288706420843	#00BF7D
#00BF7D	0.499004237199997	0.345733168881858	#00BF7D
#00B0F6	0.59814537914636	0.443153562246653	#00B0F6
#F8766D	0.570920839315389	0.483077232498291	#F8766D
#00B0F6	0.557557671075048	0.45647325530352	#00B0F6
#00B0F6	0.570033621190993	0.459352597459382	#00B0F6
#E76BF3	0.220337674405893	0.609018317494741	#E76BF3
#00B0F6	0.558884239841011	0.341337295198509	#00B0F6
#F8766D	0.572903914758302	0.474366451102259	#F8766D
#00BF7D	0.374749354239602	0.457590604393493	#00BF7D
#F8766D	0.632099626911239	0.373942220934893	#F8766D
#A3A500	0.43819178954948	0.376472752700266	#A3A500
#F8766D	0.605437269042874	0.389855887032119	#F8766D
#00B0F6	0.594822617766892	0.454308574351689	#00B0F6
#00BF7D	0.480636690171203	0.47174314353165	#00BF7D
#00BF7D	0.433659608525922	0.352879892980637	#00BF7D
#00BF7D	0.465656417372837	0.452336411593084	#00BF7D
#00B0F6	0.570454013030015	0.444400723777251	#00B0F6
#00B0F6	0.603474532585631	0.565976711285195	#00B0F6
#00BF7D	0.370813954942094	0.465658416201994	#00BF7D
#00BF7D	0.411786105118547	0.570068316113456	#00BF7D
#00BF7D	0.396134842190683	0.450005180909721	#00BF7D
#A3A500	0.459266506875757	0.365779122206125	#A3A500
#A3A500	0.413319815359854	0.492191150235146	#A3A500
#00B0F6	0.650215860297671	0.451635199093342	#00B0F6
#F8766D	0.651739704713474	0.479132001275883	#F8766D
#A3A500	0.42266789078923	0.485592277563678	#A3A500
#00B0F6	0.623360852562269	0.459467114266659	#00B0F6
#A3A500	0.432473321324539	0.359673088818153	#A3A500
#F8766D	0.556616443940295	0.471175453498754	#F8766D
#00B0F6	0.618431722994186	0.462190930550584	#00B0F6
#00BF7D	0.4819854690848	0.450764159421711	#00BF7D
#E76BF3	0.268913431286083	0.484843929923796	#E76BF3
#E76BF3	0.217735246184612	0.603739161719329	#E76BF3
#00BF7D	0.418861993091482	0.578253020245022	#00BF7D
#00BF7D	0.403591644799456	0.454954614443922	#00BF7D
#00B0F6	0.602847092207493	0.563888733026629	#00B0F6
#00BF7D	0.418514159806053	0.56363850428855	#00BF7D
#A3A500	0.484870480331736	0.479505667487214	#A3A500
#F8766D	0.597806053560238	0.476571401815737	#F8766D
#A3A500	0.42587230533961	0.494860198252345	#A3A500
#F8766D	0.550325184060944	0.362690094630177	#F8766D
#00BF7D	0.477004793403542	0.44775044220334	#00BF7D
#A3A500	0.432727666698153	0.485141031398965	#A3A500
#00B0F6	0.590625110961035	0.449235764950122	#00B0F6
#F8766D	0.548077671347593	0.366756290386415	#F8766D
#00B0F6	0.680425168462566	0.46705693397013	#00B0F6
#F8766D	0.567650395199286	0.473840553751134	#F8766D
#F8766D	0.55561197730031	0.481459899051494	#F8766D
#00B0F6	0.611303743829206	0.458948528391047	#00B0F6
#00BF7D	0.419527947192672	0.458659926149285	#00BF7D
#00B0F6	0.570072192410623	0.570143540200696	#00B0F6
#F8766D	0.536774304286432	0.371669122228952	#F8766D
#00BF7D	0.500812766633953	0.46435566696981	#00BF7D
#F8766D	0.513586009299424	0.469479197091791	#F8766D
#00B0F6	0.602370082787339	0.565106648655175	#00B0F6
#F8766D	0.61126723440321	0.471708202717214	#F8766D
#00BF7D	0.534448657657719	0.570565496149258	#00BF7D
#A3A500	0.431402783221695	0.48658604007	#A3A500
#00B0F6	0.645766849217783	0.453461658570555	#00B0F6
#A3A500	0.425671793944124	0.483231017361151	#A3A500
#F8766D	0.567423658604571	0.490241383869119	#F8766D
#A3A500	0.398957251947487	0.483868043144405	#A3A500
#A3A500	0.409702317264272	0.477156549923625	#A3A500
#00B0F6	0.576227001602805	0.563636801455084	#00B0F6
#00BF7D	0.468706108803226	0.459118608235458	#00BF7D
#A3A500	0.45371222479449	0.474516188418807	#A3A500
#00BF7D	0.418496928190151	0.457259010558769	#00BF7D
#00BF7D	0.491214737386687	0.460541178557677	#00BF7D
#00BF7D	0.472085948062227	0.465744595170277	#00BF7D
#00BF7D	0.509815431476219	0.454865185057596	#00BF7D
#A3A500	0.402162671875138	0.486503169345016	#A3A500
#A3A500	0.430703597337292	0.371337963337953	#A3A500
#F8766D	0.616020075176253	0.477536602255625	#F8766D
#00B0F6	0.5697918479091	0.457256219748903	#00B0F6
#F8766D	0.584403401659225	0.366028218653705	#F8766D
#F8766D	0.555115271668797	0.481172677992124	#F8766D
#00B0F6	0.550809240263948	0.568456087386429	#00B0F6
#E76BF3	0.272020971746195	0.483277901251537	#E76BF3
#F8766D	0.559552808970463	0.369560801442524	#F8766D
#F8766D	0.559684507197222	0.481326027911261	#F8766D
#00B0F6	0.608533752427755	0.459858736336768	#00B0F6
#A3A500	0.454299634734813	0.464054786489868	#A3A500
#00BF7D	0.343462206135529	0.685456183125561	#00BF7D
#00BF7D	0.514401799226831	0.445523277368488	#00BF7D
#00BF7D	0.467922260015591	0.568235857364571	#00BF7D
#00B0F6	0.607109607602361	0.226493816121529	#00B0F6
#00B0F6	0.59385145209115	0.335638035418401	#00B0F6
#00BF7D	0.42119988464861	0.463012839042616	#00BF7D
#A3A500	0.431201266448939	0.481589653666862	#A3A500
#A3A500	0.453590449889813	0.48984900898484	#A3A500
#A3A500	0.48140948358188	0.37348478207401	#A3A500
#A3A500	0.461727329147638	0.481264283331252	#A3A500
#A3A500	0.436218183587735	0.603890349196822	#A3A500
#00BF7D	0.47931610531424	0.568023791413891	#00BF7D
#00BF7D	0.44558594707271	0.563850794466672	#00BF7D
#A3A500	0.4409305755217	0.476525063803866	#A3A500
#00B0F6	0.572677630306228	0.459868503459917	#00B0F6
#00BF7D	0.428634568347705	0.454734229173176	#00BF7D
#00B0F6	0.537125790020499	0.436634351838362	#00B0F6
#A3A500	0.440667462636081	0.470017237081853	#A3A500
#00BF7D	0.502809320152144	0.456508904618027	#00BF7D
#F8766D	0.549390720141142	0.367353574994751	#F8766D
#E76BF3	0.249753430074905	0.49535405653369	#E76BF3
#00BF7D	0.47105246446425	0.569218036621627	#00BF7D
#00B0F6	0.598833870558491	0.457432816298419	#00B0F6
#F8766D	0.590541397636769	0.373786290922175	#F8766D
#00BF7D	0.454784045385017	0.462337259842338	#00BF7D
#A3A500	0.49010544389003	0.375515312190773	#A3A500
#00B0F6	0.584410993520944	0.562332291564177	#00B0F6
#F8766D	0.572273825610524	0.47600495500813	#F8766D
#F8766D	0.567343371657621	0.480592012374274	#F8766D
#A3A500	0.456772426522967	0.481119332864029	#A3A500
#00BF7D	0.46206642866244	0.463295832642331	#00BF7D
#00BF7D	0.378958695728368	0.46062112051569	#00BF7D
#F8766D	0.634898684611501	0.477369213439587	#F8766D
#00BF7D	0.50501735566231	0.464159311946555	#00BF7D
#00BF7D	0.505897943706849	0.46225433364996	#00BF7D
#F8766D	0.599183028228739	0.470184091172673	#F8766D
#F8766D	0.611840479898534	0.471785129637921	#F8766D
#A3A500	0.451811447053068	0.479610752333572	#A3A500
#A3A500	0.412105332403565	0.484392672605788	#A3A500
#00BF7D	0.465736704319787	0.461985783087929	#00BF7D
#00BF7D	0.38323238149335	0.57731134613035	#00BF7D
#F8766D	0.551589208833352	0.485147503789972	#F8766D
#00BF7D	0.431266381875346	0.569120138804835	#00BF7D
#E76BF3	0.26293701457971	0.489751806156962	#E76BF3
#A3A500	0.441757068077139	0.588483785507436	#A3A500
#00B0F6	0.536402992266856	0.557942876760677	#00B0F6
#A3A500	0.514435300676775	0.487607805253085	#A3A500
#F8766D	0.585249909433571	0.484261630451031	#F8766D
#E76BF3	0.262180943145716	0.492816424009088	#E76BF3
#00BF7D	0.439556340860793	0.560114824873921	#00BF7D
#00BF7D	0.491916613937867	0.455465509367691	#00BF7D
#00B0F6	0.606074573548243	0.347279887535261	#00B0F6
#E76BF3	0.187682219751608	0.608436339673049	#E76BF3
#00B0F6	0.63022338907954	0.464697725274457	#00B0F6
#00BF7D	0.377289825443334	0.573186030201785	#00BF7D
#A3A500	0.460372699460133	0.485430248497793	#A3A500
#00B0F6	0.563382332438618	0.450122726265462	#00B0F6
#E76BF3	0.254578603330221	0.48706545531366	#E76BF3
#00BF7D	0.468776571821809	0.457544684033561	#00BF7D
#F8766D	0.563653399788915	0.480396925240761	#F8766D
#00B0F6	0.648113020704623	0.462413212079295	#00B0F6
#00BF7D	0.409672336826146	0.460381076552699	#00BF7D
#F8766D	0.540714095139664	0.478655891917662	#F8766D
#00B0F6	0.55880537021511	0.350043624907446	#00B0F6
#00B0F6	0.566307365967611	0.456467795771873	#00B0F6
#E76BF3	0.185824028281413	0.602134859324881	#E76BF3
#00B0F6	0.600937850362174	0.343643687352815	#00B0F6
#F8766D	0.541538618837698	0.487282938839751	#F8766D
#A3A500	0.465350853049357	0.360846307662409	#A3A500
#A3A500	0.42171606042016	0.480254585670063	#A3A500
#F8766D	0.565646341057332	0.366312175783874	#F8766D
#00BF7D	0.496252256720398	0.461839464949471	#00BF7D
#A3A500	0.492820653432661	0.499871152139114	#A3A500
#00B0F6	0.609600275479002	0.455132772089173	#00B0F6
#00B0F6	0.536383430888863	0.460059418601171	#00B0F6
#00BF7D	0.467159693335105	0.449292540409602	#00BF7D
#00B0F6	0.530716785887509	0.570364105384784	#00B0F6
#00B0F6	0.592518806479957	0.449410365460179	#00B0F6
#F8766D	0.564740298963756	0.370117940735159	#F8766D
#00BF7D	0.414157914828608	0.67826695784494	#00BF7D
#F8766D	0.596415501422743	0.366219942076524	#F8766D
#00B0F6	0.597000446767611	0.460632897189455	#00B0F6
#00B0F6	0.605846377735343	0.461922280207059	#00B0F6
#00BF7D	0.42855130716608	0.348385977384902	#00BF7D
#00BF7D	0.50510573020903	0.461906724528522	#00BF7D
#A3A500	0.432482146333122	0.473184988054978	#A3A500
#00B0F6	0.606350526494042	0.345112626489847	#00B0F6
#A3A500	0.456916738738585	0.599658860445499	#A3A500
#A3A500	0.388901130185474	0.473960012656625	#A3A500
#F8766D	0.638454493657993	0.470673431146233	#F8766D
#A3A500	0.424915403502581	0.48152608180744	#A3A500
#00B0F6	0.632481957169851	0.449772641846742	#00B0F6
#00B0F6	0.5959801641345	0.443603540521624	#00B0F6
#A3A500	0.454366762614034	0.477609692346302	#A3A500
#00BF7D	0.423216913684108	0.465487807770854	#00BF7D
#00B0F6	0.537242679329674	0.453742991293041	#00B0F6
#E76BF3	0.26459204588478	0.488150587778373	#E76BF3
#A3A500	0.351664379248536	0.490716367075331	#A3A500
#00BF7D	0.457352201006163	0.451661112087642	#00BF7D
#A3A500	0.47065798051518	0.490660355583315	#A3A500
#00B0F6	0.611913817758077	0.451035334391424	#00B0F6
#00BF7D	0.466005256035537	0.4603181330615	#00BF7D
#F8766D	0.570439531275739	0.389459508915627	#F8766D
#00BF7D	0.410677221867394	0.570740935743821	#00BF7D
#F8766D	0.616191385439563	0.481206904168	#F8766D
#00BF7D	0.453717847798805	0.567488586547794	#00BF7D
#F8766D	0.635140818798079	0.367637880798307	#F8766D
#00BF7D	0.522378750761613	0.46212473428348	#00BF7D
#F8766D	0.550437646374746	0.476997225397269	#F8766D
#A3A500	0.450320231845031	0.46516294135752	#A3A500
#00BF7D	0.43998294437841	0.450148259783432	#00BF7D
#A3A500	0.456252051525637	0.4849166983634	#A3A500
#E76BF3	0.256732670028894	0.477255422424166	#E76BF3
#00B0F6	0.577876275070195	0.565441506419099	#00B0F6
#A3A500	0.434284039229735	0.470522063755398	#A3A500
#00BF7D	0.471471992216853	0.560176445007984	#00BF7D
#00BF7D	0.389077737988063	0.470177350240127	#00BF7D
#A3A500	0.433113652801948	0.48990218535289	#A3A500
#A3A500	0.505769128476809	0.366259054883219	#A3A500
#00B0F6	0.611639288590812	0.567214105692644	#00B0F6
#F8766D	0.595565623069385	0.475368433147152	#F8766D
#F8766D	0.599858586644462	0.472919490705865	#F8766D
#F8766D	0.583778064971856	0.370893593705029	#F8766D
#F8766D	0.567828242606225	0.482921526713013	#F8766D
#E76BF3	0.217878495526382	0.496439468693238	#E76BF3
#A3A500	0.427825860642797	0.473420984471657	#A3A500
#00BF7D	0.393124175820838	0.462405158942908	#00BF7D
#F8766D	0.607931440633619	0.355444608965648	#F8766D
#00BF7D	0.40154861663605	0.465060267844699	#00BF7D
#00BF7D	0.506600599563978	0.465995258852081	#00BF7D
#00B0F6	0.609054672503955	0.44538153536307	#00B0F6
#00BF7D	0.49062523021308	0.55970503622875	#00BF7D
#00BF7D	0.473892918884284	0.56673390447401	#00BF7D
#A3A500	0.396765526470226	0.356035396518525	#A3A500
#00BF7D	0.428257081787458	0.463059611998211	#00BF7D
#00B0F6	0.574332243210035	0.337622980337462	#00B0F6
#F8766D	0.60264891227237	0.483053526259734	#F8766D
#E76BF3	0.299138412454981	0.58901196974615	#E76BF3
#A3A500	0.439001015049366	0.594305053483675	#A3A500
#00BF7D	0.452199988990275	0.460426481837059	#00BF7D
#00BF7D	0.379458149523235	0.573056610748647	#00BF7D
#00B0F6	0.642072259722033	0.353661378819994	#00B0F6
#F8766D	0.577813163940843	0.368989623252986	#F8766D
#00BF7D	0.408990701565194	0.456282046956274	#00BF7D
#E76BF3	0.209221786350097	0.498141724371873	#E76BF3
#F8766D	0.555849317129342	0.485098959022358	#F8766D
#00B0F6	0.592596670728588	0.447336830239297	#00B0F6
#E76BF3	0.258265147123338	0.482170430219503	#E76BF3
#00BF7D	0.498436848936067	0.458125069956576	#00BF7D
#F8766D	0.555348538949656	0.374526709871616	#F8766D
#A3A500	0.42171606042016	0.480254585670063	#A3A500
#00BF7D	0.453222141087076	0.464912761948346	#00BF7D
#00BF7D	0.423175877869023	0.459571222071406	#00BF7D
#A3A500	0.472660652775736	0.367579959537169	#A3A500
#00B0F6	0.59122143884617	0.572505204544005	#00B0F6
#00BF7D	0.390906090310984	0.458980844797801	#00BF7D
#00B0F6	0.576483754075297	0.351758371898405	#00B0F6
#00BF7D	0.443523264595083	0.455854047421941	#00BF7D
#A3A500	0.410162513469788	0.490203445309161	#A3A500
#F8766D	0.527520000336771	0.484437194491542	#F8766D
#A3A500	0.373506960794579	0.591513089207286	#A3A500
#00BF7D	0.491552930917933	0.565080273694837	#00BF7D
#F8766D	0.636890620502648	0.369917258470756	#F8766D
#A3A500	0.388398079740275	0.604355814171778	#A3A500
#A3A500	0.470849573965855	0.368558694951683	#A3A500
#E76BF3	0.207940494522135	0.481557894291918	#E76BF3
#00B0F6	0.54762419645989	0.460267940927815	#00B0F6
#E76BF3	0.228649292002617	0.609194005981198	#E76BF3
#00B0F6	0.614689985398471	0.567363507846961	#00B0F6
#00BF7D	0.435549515064569	0.459792091614782	#00BF7D
#00B0F6	0.557757084157035	0.454516288396769	#00B0F6
#A3A500	0.409473760546686	0.703626652947178	#A3A500
#00B0F6	0.616570422455951	0.455568891380583	#00B0F6
#F8766D	0.642884268824923	0.471388875967375	#F8766D
#00BF7D	0.470037069124913	0.459037229627657	#00BF7D
#F8766D	0.617041263792921	0.372058413097372	#F8766D
#F8766D	0.578348801696671	0.368240076701914	#F8766D
#A3A500	0.438638053838804	0.480264397107311	#A3A500
#00BF7D	0.403496188030236	0.462476366286778	#00BF7D
#00BF7D	0.462268171506517	0.452842830165305	#00BF7D
#E76BF3	0.171636203207945	0.602572166374186	#E76BF3
#00BF7D	0.436605627211442	0.571119930902364	#00BF7D
#00B0F6	0.602535996117654	0.460355163558399	#00B0F6
#00B0F6	0.574920751463857	0.340747726206468	#00B0F6
#00BF7D	0.493935328262871	0.344249526661952	#00BF7D
#00B0F6	0.60235746879848	0.558332347542438	#00B0F6
#00BF7D	0.516749939571076	0.557806505658708	#00BF7D
#00B0F6	0.628841108716	0.443592181499799	#00B0F6
#E76BF3	0.302373939498365	0.477098429099499	#E76BF3
#A3A500	0.453525651772682	0.467798067558131	#A3A500
#00BF7D	0.488506667563133	0.563388189280133	#00BF7D
#00BF7D	0.497517512941397	0.562214690741042	#00BF7D
#A3A500	0.45956993376709	0.6018589553311	#A3A500
#A3A500	0.298855518577534	0.595725882796818	#A3A500
#A3A500	0.456538740840845	0.467120996240671	#A3A500
#A3A500	0.401883709255014	0.604224622906622	#A3A500
#00BF7D	0.409942531934264	0.461619738849889	#00BF7D
#00B0F6	0.597724987307338	0.458105435928784	#00B0F6
#A3A500	0.397334849850183	0.498518252729483	#A3A500
#00B0F6	0.541132425185053	0.340153401168045	#00B0F6
#A3A500	0.473541114142668	0.496999121458766	#A3A500
#E76BF3	0.291428136714773	0.487630130309249	#E76BF3
#A3A500	0.388359869425331	0.381737161078705	#A3A500
#A3A500	0.489324930241755	0.46950373126156	#A3A500
#A3A500	0.440541254278544	0.486892739908272	#A3A500
#00B0F6	0.61562645361533	0.453778629454252	#00B0F6
#00B0F6	0.600523400535016	0.456337512569775	#00B0F6
#A3A500	0.485667395250872	0.346263941710507	#A3A500
#A3A500	0.491549092596838	0.4742916754699	#A3A500
#A3A500	0.383871791387762	0.480978709637954	#A3A500
#A3A500	0.369389457367773	0.379067025085106	#A3A500
#00BF7D	0.458460078880045	0.457621286945333	#00BF7D
#F8766D	0.574349702595531	0.367843094881652	#F8766D
#00BF7D	0.32150172990304	0.574183616026979	#00BF7D
#A3A500	0.416818780753892	0.48721079876837	#A3A500
#00B0F6	0.572105709195724	0.457928335456992	#00B0F6
#00B0F6	0.548815696420083	0.460748657222021	#00B0F6
#00BF7D	0.465523033856573	0.454262136558324	#00BF7D
#A3A500	0.419939898682997	0.602383540478383	#A3A500
#00B0F6	0.530384994666527	0.567614002768719	#00B0F6
#A3A500	0.437754675733774	0.486618369987911	#A3A500
#00BF7D	0.439815062190689	0.451568070098727	#00BF7D
#00BF7D	0.445625240101712	0.450986316504476	#00BF7D
#00BF7D	0.415905428668223	0.572445107330067	#00BF7D
#A3A500	0.456720335330923	0.486061634836058	#A3A500
#00BF7D	0.415330440386816	0.453587116747718	#00BF7D
#F8766D	0.591714525770423	0.370898629446247	#F8766D
#F8766D	0.559127848845215	0.482433678856636	#F8766D
#00BF7D	0.518625858395225	0.462281447913311	#00BF7D
#00B0F6	0.543825515818007	0.451281197712746	#00B0F6
#00B0F6	0.615694586871822	0.46070074082263	#00B0F6
#00BF7D	0.41728308324896	0.458999639741086	#00BF7D
#00B0F6	0.58892406530915	0.457142915363973	#00B0F6
#A3A500	0.421297998343228	0.48671042378192	#A3A500
#00B0F6	0.546087930385171	0.562090531256563	#00B0F6
#A3A500	0.427595051499909	0.379536786498268	#A3A500
#00B0F6	0.60596893194597	0.455406054033134	#00B0F6
#F8766D	0.621892529112373	0.371408132034327	#F8766D
#00BF7D	0.480277022202866	0.459170920854548	#00BF7D
#E76BF3	0.251270325403301	0.492451691974889	#E76BF3
#00BF7D	0.473183641103056	0.572309184682981	#00BF7D
#00BF7D	0.527855352768434	0.456609078169113	#00BF7D
#00B0F6	0.62275443278031	0.457021031613789	#00B0F6
#F8766D	0.57126857966459	0.477472806168762	#F8766D
#A3A500	0.408248895668187	0.503973096991353	#A3A500
#A3A500	0.488278967488285	0.469824550128581	#A3A500
#00B0F6	0.611957502342801	0.453225437926435	#00B0F6
#00B0F6	0.59718670078187	0.462581464644293	#00B0F6
#00BF7D	0.403693915822717	0.574210350814	#00BF7D
#E76BF3	0.200394772287773	0.489540883650076	#E76BF3
#F8766D	0.527587035279763	0.477773158061975	#F8766D
#00BF7D	0.465252477843768	0.564851184612889	#00BF7D
#00BF7D	0.49815038569218	0.460471383199142	#00BF7D
#F8766D	0.58661385986771	0.38540153269796	#F8766D
#00BF7D	0.453171055272303	0.463222269432319	#00BF7D
#00BF7D	0.516368061455105	0.451077306986537	#00BF7D
#00BF7D	0.460063245064391	0.44551298165861	#00BF7D
#00BF7D	0.394784604058902	0.56922572757347	#00BF7D
#F8766D	0.553854314067293	0.475633091411759	#F8766D
#A3A500	0.464775696193207	0.489909721055844	#A3A500
#00B0F6	0.630987867120853	0.45450070191529	#00B0F6
#00B0F6	0.65682556815609	0.46562832006214	#00B0F6
#A3A500	0.429409841953278	0.600670789526883	#A3A500
#00BF7D	0.485695775179962	0.462003490054814	#00BF7D
#00B0F6	0.52180518625874	0.457278253956936	#00B0F6
#F8766D	0.576027078881598	0.364020531026541	#F8766D
#A3A500	0.476359181684568	0.613333598545263	#A3A500
#00B0F6	0.615201854394768	0.454823796516606	#00B0F6
#00B0F6	0.584155416698738	0.458946532351588	#00B0F6
#00BF7D	0.435196384239861	0.452630539987184	#00BF7D
#A3A500	0.399523641291632	0.473764745609771	#A3A500
#00BF7D	0.478128939413193	0.450125641521275	#00BF7D
#00BF7D	0.474831490791912	0.46010237939119	#00BF7D
#00BF7D	0.43654092203054	0.569287931761656	#00BF7D
#A3A500	0.420366409264385	0.472198033101893	#A3A500
#00BF7D	0.50802158428224	0.56222341420189	#00BF7D
#00BF7D	0.452347629887767	0.468181370308175	#00BF7D
#F8766D	0.548015714330044	0.477072560419299	#F8766D
#F8766D	0.58088044789182	0.370323603273385	#F8766D
#E76BF3	0.290539687141785	0.48598767863856	#E76BF3
#00BF7D	0.38936895369236	0.471057908143013	#00BF7D
#F8766D	0.556298265627957	0.372911048455342	#F8766D
#00B0F6	0.633327501464063	0.458041584374527	#00B0F6
#A3A500	0.454351273784216	0.490011262278166	#A3A500
#A3A500	0.426170603266407	0.490471591730409	#A3A500
#F8766D	0.631587658521228	0.370607180927224	#F8766D
#E76BF3	0.269805627942209	0.496346047227994	#E76BF3
#00B0F6	0.534199844050464	0.457141019106009	#00B0F6
#00BF7D	0.432184619556517	0.451444370222425	#00BF7D
#A3A500	0.492963675004836	0.468730838298614	#A3A500
#00BF7D	0.389654318622748	0.455125447102502	#00BF7D
#00BF7D	0.516684689311303	0.566654341992326	#00BF7D
#00B0F6	0.593608772825701	0.456049203534006	#00B0F6
#A3A500	0.461559086055231	0.594511803998301	#A3A500
#A3A500	0.395686446926698	0.586459074749004	#A3A500
#00BF7D	0.510062920698654	0.570152903183063	#00BF7D
#F8766D	0.58074560515737	0.470490890792439	#F8766D
#00B0F6	0.598272685817396	0.439864207218179	#00B0F6
#F8766D	0.582587570388934	0.363780082922767	#F8766D
#00BF7D	0.442764905296136	0.350817437086746	#00BF7D
#00BF7D	0.52667093503074	0.450859197450085	#00BF7D
#A3A500	0.511465938090473	0.37387771634796	#A3A500
#A3A500	0.474235129165399	0.488376022301495	#A3A500
#00BF7D	0.451955148537479	0.341412281547151	#00BF7D
#00B0F6	0.554806235674319	0.561899715896803	#00B0F6
#A3A500	0.420827384775851	0.494061522879536	#A3A500
#00B0F6	0.589861957304542	0.45756954722707	#00B0F6
#F8766D	0.576155349032768	0.470695645267607	#F8766D
#00B0F6	0.614286307380373	0.452175819176987	#00B0F6
#A3A500	0.490332691822237	0.499977729102655	#A3A500
#F8766D	0.549506192129269	0.366106513245647	#F8766D
#A3A500	0.445717914966199	0.482859377992222	#A3A500
#A3A500	0.464051381724801	0.476987793436351	#A3A500
#00B0F6	0.547300351547828	0.44633839181844	#00B0F6
#00BF7D	0.539753304928645	0.456184622258816	#00BF7D
#00B0F6	0.612901152175873	0.450246146446928	#00B0F6
#00B0F6	0.629134202039745	0.466875481592737	#00B0F6
#A3A500	0.38949005684056	0.597729063269493	#A3A500
#00B0F6	0.627945350849192	0.462668283134095	#00B0F6
#00B0F6	0.580918146869271	0.452079009336595	#00B0F6
#E76BF3	0.242662739641872	0.488168574440093	#E76BF3
#E76BF3	0.204607180947442	0.609489222351698	#E76BF3
#A3A500	0.497264819115911	0.474598879230449	#A3A500
#00B0F6	0.580091293409146	0.45194799798478	#00B0F6
#00BF7D	0.467076170642508	0.570646750311112	#00BF7D
#00BF7D	0.498429766713568	0.463394234381399	#00BF7D
#A3A500	0.482023630058924	0.47585661616576	#A3A500
#F8766D	0.614658263872535	0.371096980508961	#F8766D
#A3A500	0.412128357296798	0.375113170183345	#A3A500
#00B0F6	0.576520221604157	0.455595961329835	#00B0F6
#F8766D	0.527035490292853	0.370279969801044	#F8766D
#A3A500	0.463699668221141	0.488181943012535	#A3A500
#00BF7D	0.482171497027737	0.468162115756713	#00BF7D
#F8766D	0.570816012458716	0.387766920578647	#F8766D
#00BF7D	0.435656261437827	0.460907881966882	#00BF7D
#F8766D	0.564961696122055	0.477767338703644	#F8766D
#00B0F6	0.56727149131799	0.463810235372388	#00B0F6
#E76BF3	0.276598026905932	0.60357594489555	#E76BF3
#00B0F6	0.603598411181077	0.557597244029051	#00B0F6
#00B0F6	0.594806349631123	0.457893549891445	#00B0F6
#E76BF3	0.291577788366806	0.482119429804253	#E76BF3
#A3A500	0.412998853444511	0.494031548827767	#A3A500
#00B0F6	0.590080422125303	0.351922801144531	#00B0F6
#00B0F6	0.619992302907307	0.461478669526795	#00B0F6
#00BF7D	0.344425771793794	0.572876830401778	#00BF7D
#00BF7D	0.366099501214496	0.469473084527468	#00BF7D
#00B0F6	0.549682445484657	0.569807370232931	#00B0F6
#00BF7D	0.390770377032629	0.469402605333316	#00BF7D
#A3A500	0.438083818185116	0.493094954768413	#A3A500
#E76BF3	0.236515012672189	0.489406148760883	#E76BF3
#A3A500	0.505826390530526	0.485187928800508	#A3A500
#00B0F6	0.558191414369736	0.444475474745156	#00B0F6
#00B0F6	0.568364651512245	0.456042755807452	#00B0F6
#00BF7D	0.480277022202866	0.459170920854548	#00BF7D
#00BF7D	0.454133622010783	0.452931520248619	#00BF7D
#F8766D	0.599805716146468	0.469045198285787	#F8766D
#00B0F6	0.539450940911161	0.445944009741407	#00B0F6
#00BF7D	0.454476603442089	0.348444413721611	#00BF7D
#A3A500	0.418379360667013	0.48649853774458	#A3A500
#00BF7D	0.410235072023381	0.460637055670557	#00BF7D
#00B0F6	0.582196696991365	0.452170379294986	#00B0F6
#00BF7D	0.456427468078499	0.447328945862956	#00BF7D
#F8766D	0.539036944924917	0.467029066892609	#F8766D
#A3A500	0.452694180685513	0.368061863589269	#A3A500
#A3A500	0.387789598164682	0.478359114451427	#A3A500
#F8766D	0.643894947143503	0.366089739006274	#F8766D
#A3A500	0.438922087926887	0.370539368096991	#A3A500
#00B0F6	0.598088953895171	0.565513297817092	#00B0F6
#00B0F6	0.557642575649042	0.565727819415409	#00B0F6
#00B0F6	0.564737196353202	0.465453190965353	#00B0F6
#00BF7D	0.421235388697336	0.456885959204505	#00BF7D
#00BF7D	0.467580638408756	0.458606649999741	#00BF7D
#00B0F6	0.570218189915745	0.574992116348193	#00B0F6
#00BF7D	0.481777875466814	0.44440414295534	#00BF7D
#A3A500	0.466450457451012	0.338270556860977	#A3A500
#E76BF3	0.200394772287773	0.489540883650076	#E76BF3
#00BF7D	0.335593779199739	0.576498507414692	#00BF7D
#E76BF3	0.176038555468433	0.501856723068537	#E76BF3
#00B0F6	0.577006877235981	0.460109275572625	#00B0F6
#A3A500	0.4511861103657	0.484476127384895	#A3A500
#00B0F6	0.537688299146413	0.452339719836384	#00B0F6
#00BF7D	0.425715569766805	0.566350053487591	#00BF7D
#F8766D	0.544175545730435	0.493068009265108	#F8766D
#E76BF3	0.204727405395978	0.611469031748047	#E76BF3
#00BF7D	0.466255754932298	0.460051658670776	#00BF7D
#00BF7D	0.403294671257479	0.45747997988364	#00BF7D
#E76BF3	0.271875392642336	0.599073629847902	#E76BF3
#A3A500	0.431169834948386	0.598001561596342	#A3A500
#00BF7D	0.413280655465945	0.569387297031178	#00BF7D
#00BF7D	0.399922007157206	0.465803770809999	#00BF7D
#00BF7D	0.373878590123432	0.47071887838683	#00BF7D
#A3A500	0.51027475713783	0.378166553459592	#A3A500
#00BF7D	0.422430996645354	0.35539863078046	#00BF7D
#F8766D	0.572536938496143	0.482512781730143	#F8766D
#00B0F6	0.555290008309424	0.550643082437598	#00B0F6
#A3A500	0.433396461898925	0.497915148762817	#A3A500
#00BF7D	0.441035947457243	0.56115554024918	#00BF7D
#00B0F6	0.537661562609692	0.339506483815695	#00B0F6
#00BF7D	0.397284400352235	0.567076857330559	#00BF7D
#00BF7D	0.427941516805108	0.573321797599983	#00BF7D
#00BF7D	0.45558047272186	0.572247384635577	#00BF7D
#00BF7D	0.418514159806053	0.56363850428855	#00BF7D
#00B0F6	0.618967586821336	0.445991995119349	#00B0F6
#A3A500	0.431766424344493	0.493568539500447	#A3A500
#00BF7D	0.466409479132505	0.564825986257149	#00BF7D
#A3A500	0.471798939739469	0.478770743887168	#A3A500
#00BF7D	0.422092349273193	0.342468303709054	#00BF7D
#00B0F6	0.62478425997885	0.567418176332194	#00B0F6
#00BF7D	0.395573849779531	0.568530265453507	#00BF7D
#00B0F6	0.558561911643712	0.461638198630944	#00B0F6
#A3A500	0.453711544882255	0.581574345364724	#A3A500
#E76BF3	0.268307336969158	0.582823209728788	#E76BF3
#00BF7D	0.429928700235846	0.462642971485704	#00BF7D
#00B0F6	0.635105405987309	0.45469369322785	#00B0F6
#00BF7D	0.451607691756177	0.564039334092137	#00BF7D
#E76BF3	0.285552934615299	0.481610331356955	#E76BF3
#00BF7D	0.449468249800903	0.567358079118256	#00BF7D
#A3A500	0.422895081224859	0.377582679379936	#A3A500
#00B0F6	0.525050862695526	0.457013371464889	#00B0F6
#F8766D	0.576952130816811	0.373122250657064	#F8766D
#00B0F6	0.585251140882162	0.462179447082812	#00B0F6
#00B0F6	0.521564057449432	0.560376792110156	#00B0F6
#F8766D	0.572857581403937	0.475902829731684	#F8766D
#00BF7D	0.502212086283453	0.455747010850224	#00BF7D
#E76BF3	0.191598283742445	0.487035680824879	#E76BF3
#E76BF3	0.164858706098033	0.610217798006684	#E76BF3
#E76BF3	0.18958875533071	0.59993585241568	#E76BF3
#F8766D	0.585023398910177	0.485213071688852	#F8766D
#00B0F6	0.617549350266428	0.461912108943128	#00B0F6
#A3A500	0.34476524036904	0.478026488107698	#A3A500
#A3A500	0.463326841185074	0.479515254697022	#A3A500
#00B0F6	0.60687671682563	0.570381352743492	#00B0F6
#00B0F6	0.556873026139771	0.567928418223287	#00B0F6
#F8766D	0.615322532684219	0.365194837847197	#F8766D
#00BF7D	0.443160303384521	0.341813391045573	#00BF7D
#E76BF3	0.306301251196103	0.480932576203877	#E76BF3
#A3A500	0.460294055905553	0.478687189326567	#A3A500
#A3A500	0.42102802930643	0.470022372604566	#A3A500
#00BF7D	0.485866447428173	0.456134685155514	#00BF7D
#A3A500	0.441948017055229	0.361187209012105	#A3A500
#00B0F6	0.595978932685908	0.465685723889843	#00B0F6
#F8766D	0.608399137462898	0.483866644670227	#F8766D
#E76BF3	0.191407051196456	0.497309631104752	#E76BF3
#E76BF3	0.257986864415449	0.492833726835191	#E76BF3
#00BF7D	0.430422622264354	0.563034996181101	#00BF7D
#00B0F6	0.643860313638682	0.461962145827924	#00B0F6
#A3A500	0.387789598164682	0.478359114451427	#A3A500
#F8766D	0.637296302817801	0.376183549112595	#F8766D
#00BF7D	0.488286594789654	0.453875550229433	#00BF7D
#F8766D	0.603889210182383	0.377123506882644	#F8766D
#00BF7D	0.385973171762626	0.568442259205811	#00BF7D
#F8766D	0.632854919039282	0.36206100869066	#F8766D
#A3A500	0.457112759184634	0.380358708501457	#A3A500
#F8766D	0.565012236857958	0.490137666693997	#F8766D
#E76BF3	0.292957185733627	0.487455025876915	#E76BF3
#A3A500	0.42928047348861	0.480409527487875	#A3A500
#A3A500	0.429626882995505	0.381012533188538	#A3A500
#00BF7D	0.407701740538726	0.572244480533059	#00BF7D
#A3A500	0.466855552790159	0.471813946734738	#A3A500
#F8766D	0.577061165055023	0.482339269196486	#F8766D
#00BF7D	0.449466826022369	0.45334656886245	#00BF7D
#F8766D	0.552434979198886	0.477967057437594	#F8766D
#A3A500	0.404672693200389	0.327862610994923	#A3A500
#F8766D	0.57507311108038	0.503272568327229	#F8766D
#00BF7D	0.489257661071683	0.456671337824694	#00BF7D
#F8766D	0.551208980567237	0.476980426493443	#F8766D
#F8766D	0.635664940878549	0.373700180932443	#F8766D
#00BF7D	0.428779786546879	0.450766210928565	#00BF7D
#A3A500	0.396202523304533	0.487826070038426	#A3A500
#F8766D	0.614968814883503	0.48531038545152	#F8766D
#00BF7D	0.532206803388333	0.455351017224867	#00BF7D
#A3A500	0.453059790665715	0.4783760378012	#A3A500
#00BF7D	0.431339854568254	0.451992022086747	#00BF7D
#00B0F6	0.597289013702268	0.465239937256778	#00B0F6
#E76BF3	0.130000428692393	0.609259324988186	#E76BF3
#00B0F6	0.601756941687565	0.456102020075373	#00B0F6
#00B0F6	0.570922296835301	0.445545660249908	#00B0F6
#F8766D	0.594480863024965	0.380347698153019	#F8766D
#00BF7D	0.491694536867333	0.454874268345127	#00BF7D
#00BF7D	0.395730258189029	0.457325038065827	#00BF7D
#A3A500	0.428983180939084	0.478165339521755	#A3A500
#E76BF3	0.183073633697605	0.488675452620492	#E76BF3
#E76BF3	0.134397348580237	0.612375167483002	#E76BF3
#00B0F6	0.63370476195299	0.465165590429655	#00B0F6
#F8766D	0.580779233284921	0.381251278458845	#F8766D
#00B0F6	0.531882873695801	0.456148344576087	#00B0F6
#00B0F6	0.613312492934991	0.337231762408135	#00B0F6
#00BF7D	0.462268171506517	0.452842830165305	#00BF7D
#A3A500	0.440512471547631	0.599578165673315	#A3A500
#F8766D	0.542505158730638	0.471402466409396	#F8766D
#A3A500	0.440434968203686	0.489823990542442	#A3A500
#E76BF3	0.238398197893022	0.489759801468092	#E76BF3
#E76BF3	0.261209876863688	0.490020636413828	#E76BF3
#00B0F6	0.594920497234431	0.45850972922456	#00B0F6
#A3A500	0.41493582160438	0.471407757180997	#A3A500
#A3A500	0.469380116762808	0.479166637731031	#A3A500
#00BF7D	0.460797029013965	0.677141724378626	#00BF7D
#00BF7D	0.45398894889048	0.446219703018904	#00BF7D
#F8766D	0.577569705369445	0.480584196976484	#F8766D
#A3A500	0.448939922037168	0.486679082058915	#A3A500
#A3A500	0.45144447079091	0.487757082961456	#A3A500
#00BF7D	0.408134520295286	0.579516296843828	#00BF7D
#00B0F6	0.561146293503489	0.563974339094084	#00B0F6
#00B0F6	0.598809102879174	0.447931255059215	#00B0F6
#F8766D	0.644688265412306	0.475679304977684	#F8766D
#E76BF3	0.197235459643165	0.500818767700202	#E76BF3
#00BF7D	0.513325226175895	0.454475334799504	#00BF7D
#F8766D	0.581641229889086	0.487083120324307	#F8766D
#F8766D	0.573877445635785	0.372287881655649	#F8766D
#00B0F6	0.5684066927046	0.455326547018845	#00B0F6
#00BF7D	0.393388294083728	0.462280191176865	#00BF7D
#F8766D	0.614780457178475	0.476408464686794	#F8766D
#00B0F6	0.591580914484565	0.448983733597082	#00B0F6
#A3A500	0.470395547541796	0.377094371915382	#A3A500
#A3A500	0.378181837925276	0.483540272628554	#A3A500
#00B0F6	0.616289356145057	0.566336991632299	#00B0F6
#00B0F6	0.610241654230819	0.462131810378257	#00B0F6
#A3A500	0.477537104175769	0.497075544457196	#A3A500
#F8766D	0.559527680386461	0.471886950555078	#F8766D
#F8766D	0.582508020850797	0.479544569577625	#F8766D
#00BF7D	0.435456748962126	0.346990097535605	#00BF7D
#00B0F6	0.555387469375699	0.434199932566606	#00B0F6
#00B0F6	0.604263133833676	0.460086333301533	#00B0F6
#F8766D	0.520165871553083	0.370318523218068	#F8766D
#A3A500	0.420478964514415	0.606724106154982	#A3A500
#00B0F6	0.520191416840076	0.44934666915481	#00B0F6
#A3A500	0.425173026518979	0.359393179234297	#A3A500
#E76BF3	0.277577180787731	0.594469773577932	#E76BF3
#00BF7D	0.412357020851781	0.578641278604437	#00BF7D
#A3A500	0.458784703098056	0.480367430446815	#A3A500
#00B0F6	0.601678978045219	0.342300803958226	#00B0F6
#00BF7D	0.460797029013965	0.677141724378626	#00BF7D
#A3A500	0.468076154488814	0.364378790669733	#A3A500
#00B0F6	0.556959976907957	0.451664320549448	#00B0F6
#00B0F6	0.617975273871809	0.459003700798556	#00B0F6
#00B0F6	0.588939193234283	0.556569055783865	#00B0F6
#00BF7D	0.369956675358687	0.575306518291603	#00BF7D
#E76BF3	0.148523896548392	0.615195973520661	#E76BF3
#00BF7D	0.489048743068877	0.452174562440541	#00BF7D
#00BF7D	0.383839162179996	0.467929718431465	#00BF7D
#00BF7D	0.429979106138384	0.571391620947648	#00BF7D
#00BF7D	0.452219869375817	0.563079493402402	#00BF7D
#F8766D	0.565773286823682	0.474850531107159	#F8766D
#E76BF3	0.268770861856549	0.48508546600397	#E76BF3
#F8766D	0.600140935443039	0.476885413129522	#F8766D
#F8766D	0.609824910081221	0.371068598355868	#F8766D
#00B0F6	0.57962643767945	0.455893173739793	#00B0F6
#00BF7D	0.510247431926829	0.453320406976257	#00BF7D
#00B0F6	0.562811835106648	0.562194068518344	#00B0F6
#00BF7D	0.425148535950075	0.471258435158527	#00BF7D
#00BF7D	0.466184746834845	0.472305418346998	#00BF7D
#00BF7D	0.470849623306674	0.566084891300708	#00BF7D
#00BF7D	0.451202144274389	0.461394721978706	#00BF7D
#A3A500	0.419268815617271	0.481508194927214	#A3A500
#00BF7D	0.42980637209654	0.453709808779467	#00BF7D
#00B0F6	0.575022059006985	0.35003899330701	#00B0F6
#A3A500	0.46127563248567	0.481303924724676	#A3A500
#A3A500	0.403524157713821	0.492517428633816	#A3A500
#00B0F6	0.581195743207439	0.452818060614801	#00B0F6
#00B0F6	0.608371947085264	0.462642176715297	#00B0F6
#00BF7D	0.384792182100522	0.567782490714453	#00BF7D
#00B0F6	0.593196787593999	0.463868671709097	#00B0F6
#A3A500	0.431239292589698	0.603060431882502	#A3A500
#F8766D	0.613150780528729	0.360234145072665	#F8766D
#00BF7D	0.472432322129471	0.578600673680559	#00BF7D
#00BF7D	0.46188803617663	0.464894695154778	#00BF7D
#00BF7D	0.431703595084766	0.574849272855218	#00BF7D
#00B0F6	0.5864947320344	0.457717861404988	#00B0F6
#00BF7D	0.442724513953635	0.450095767251	#00BF7D
#00B0F6	0.609118832605988	0.457893369978104	#00B0F6
#F8766D	0.566494173216498	0.482682346498981	#F8766D
#00B0F6	0.608858368490008	0.447659061091654	#00B0F6
#00B0F6	0.595305385024727	0.44968473538054	#00B0F6
#A3A500	0.466255076718335	0.506399825311266	#A3A500
#A3A500	0.417898143865319	0.473809746753348	#A3A500
#F8766D	0.600541446896519	0.359280527882043	#F8766D
#F8766D	0.570894463683354	0.258416286125848	#F8766D
#A3A500	0.485550749310731	0.60206520192345	#A3A500
#00B0F6	0.604330487784218	0.458191850277804	#00B0F6
#00BF7D	0.475341815789553	0.46053110707524	#00BF7D
#00BF7D	0.502986069245584	0.45200372978196	#00BF7D
#00B0F6	0.597291846646092	0.56266132996977	#00B0F6
#A3A500	0.510149100316649	0.480018029863713	#A3A500
#00BF7D	0.475348856114916	0.57185920640801	#00BF7D
#00BF7D	0.418728191173954	0.4595344404664	#00BF7D
#00BF7D	0.465500369868026	0.451713928629009	#00BF7D
#00BF7D	0.38589333865659	0.467184119645212	#00BF7D
#F8766D	0.563532211860245	0.368452646574872	#F8766D
#00B0F6	0.551147150227295	0.455972556308135	#00B0F6
#00B0F6	0.602622266973605	0.451149222830477	#00B0F6
#A3A500	0.246866690655129	0.478433112605163	#A3A500
#A3A500	0.41159294561229	0.360413327854253	#A3A500
#A3A500	0.441279733191949	0.48927633867812	#A3A500
#00B0F6	0.591698490163461	0.454690025157867	#00B0F6
#F8766D	0.537717593214818	0.480517541101203	#F8766D
#00B0F6	0.561586835394784	0.458918834034114	#00B0F6
#A3A500	0.411251020597347	0.595083845936798	#A3A500
#E76BF3	0.251502912771925	0.492863880800301	#E76BF3
#00B0F6	0.631694270061121	0.468101292750919	#00B0F6
#A3A500	0.392472939399277	0.595725907461271	#A3A500
#00BF7D	0.479174215796942	0.461207170548147	#00BF7D
#00B0F6	0.529668216261535	0.45781414265865	#00B0F6
#00B0F6	0.628220524489041	0.451684427696574	#00B0F6
#A3A500	0.418541166009504	0.483715097366051	#A3A500
#A3A500	0.420240561811535	0.377245825576553	#A3A500
#A3A500	0.388499236850596	0.360956123890698	#A3A500
#00BF7D	0.535989902264168	0.456520388085799	#00BF7D
#A3A500	0.478538922046114	0.490517581068893	#A3A500
#00B0F6	0.57597507892751	0.449891765590002	#00B0F6
#00B0F6	0.659251473355252	0.459963261793455	#00B0F6
#00B0F6	0.5674024102388	0.566758867449013	#00B0F6
#A3A500	0.387545495120699	0.484758772311223	#A3A500
#00BF7D	0.386308072051647	0.571512920643708	#00BF7D
#00BF7D	0.40759882504288	0.347793828299279	#00BF7D
#00BF7D	0.419321451888185	0.465886057480859	#00BF7D
#00B0F6	0.563479206528886	0.460956675626389	#00B0F6
#00B0F6	0.626880378254085	0.450081617419308	#00B0F6
#00BF7D	0.425991883617289	0.452355082090422	#00BF7D
#00BF7D	0.462604035275672	0.565877960872739	#00BF7D
#F8766D	0.596614553600044	0.476090685521532	#F8766D
#00BF7D	0.443078105076744	0.461304359864868	#00BF7D
#00B0F6	0.615225523760586	0.450739209957865	#00B0F6
#00BF7D	0.355079395392955	0.451500102019605	#00BF7D
#E76BF3	0.225241391822075	0.491598024107913	#E76BF3
#00BF7D	0.497747451540381	0.566353361730891	#00BF7D
#00B0F6	0.532233262814641	0.446817436082121	#00B0F6
#00BF7D	0.48257904880658	0.461885329842007	#00BF7D
#00BF7D	0.482266493498556	0.456593322927587	#00BF7D
#00BF7D	0.484558016261668	0.555142593164222	#00BF7D
#00B0F6	0.574550991598694	0.448998860470384	#00B0F6
#00B0F6	0.575846673942975	0.439594972820531	#00B0F6
#F8766D	0.614256009632971	0.369920802094792	#F8766D
#F8766D	0.638944796979242	0.369171659684503	#F8766D
#F8766D	0.601672088152662	0.483663662007077	#F8766D
#00B0F6	0.547392933476087	0.457992511020185	#00B0F6
#F8766D	0.574696855968725	0.489515767784045	#F8766D
#F8766D	0.644986011802746	0.386314724878046	#F8766D
#A3A500	0.441658260569118	0.262065088555408	#A3A500
#F8766D	0.573181610490184	0.590980253718489	#F8766D
#00BF7D	0.445625240101712	0.450986316504476	#00BF7D
#A3A500	0.431008616581902	0.473507902742953	#A3A500
#F8766D	0.611186721384939	0.477508220102532	#F8766D
#00BF7D	0.447390304564778	0.456313513125225	#00BF7D
#A3A500	0.42901370645608	0.484260977418355	#A3A500
#00BF7D	0.504557478464343	0.455881969966857	#00BF7D
#A3A500	0.440845402979248	0.499317152329733	#A3A500
#F8766D	0.622186167514988	0.38401159665294	#F8766D
#00BF7D	0.472663527616697	0.348404088492569	#00BF7D
#F8766D	0.525369268777458	0.479118397322706	#F8766D
#A3A500	0.427407756668729	0.596474086341106	#A3A500
#00B0F6	0.584088288819517	0.445391626495154	#00B0F6
#A3A500	0.422791769384676	0.477212810307534	#A3A500
#00B0F6	0.56418962452075	0.352370279457767	#00B0F6
#00BF7D	0.419864171866514	0.459867346504965	#00BF7D
#00B0F6	0.550209902704487	0.560740840308737	#00B0F6
#A3A500	0.443750689257791	0.367340879104632	#A3A500
#00BF7D	0.396201970069905	0.463560086766155	#00BF7D
#00BF7D	0.473613311791576	0.579260442171917	#00BF7D
#E76BF3	0.22393373996152	0.599422526508728	#E76BF3
#00B0F6	0.618967360750015	0.461441383999512	#00B0F6
#00B0F6	0.555122219057932	0.572281835038894	#00B0F6
#00B0F6	0.590566617458727	0.352389074401052	#00B0F6
#00B0F6	0.601069548588934	0.455408913821552	#00B0F6
#F8766D	0.627451202749363	0.377725647318857	#F8766D
#A3A500	0.505368843094649	0.468414551250535	#A3A500
#00B0F6	0.5762716915648	0.559194110502039	#00B0F6
#00BF7D	0.401579007319681	0.56753422721289	#00BF7D
#F8766D	0.555659089960624	0.488740114814175	#F8766D
#E76BF3	0.26653482292142	0.598937078832592	#E76BF3
#00BF7D	0.481537426569741	0.440444524162643	#00BF7D
#F8766D	0.633543049546727	0.488167973094184	#F8766D
#00B0F6	0.564420207592318	0.461703866311319	#00B0F6
#00B0F6	0.557833943028396	0.459075547663944	#00B0F6
#F8766D	0.640462336780222	0.471464210989405	#F8766D
#00BF7D	0.508098117688565	0.466357311011203	#00BF7D
#A3A500	0.461827538377267	0.476969402633848	#A3A500
#00BF7D	0.426848901689725	0.570409441690592	#00BF7D
#00B0F6	0.575852205709334	0.45163843835809	#00B0F6
#A3A500	0.410042289021252	0.488223635912812	#A3A500
#00BF7D	0.428142254271915	0.569501589611013	#00BF7D
#A3A500	0.50701336410163	0.466992385069098	#A3A500
#00B0F6	0.586269127494562	0.336161756816725	#00B0F6
#A3A500	0.413201014689852	0.604222851094604	#A3A500
#00B0F6	0.520191416840076	0.44934666915481	#00B0F6
#E76BF3	0.261750854055933	0.365220861776286	#E76BF3
#00BF7D	0.452435643529801	0.577756493241896	#00BF7D
#00BF7D	0.411404227002576	0.463339117441285	#00BF7D
#A3A500	0.413891375565672	0.605959028589826	#A3A500
#00B0F6	0.62570492035834	0.46146531446551	#00B0F6
#00BF7D	0.40108567226718	0.339865103285571	#00BF7D
#A3A500	0.410697832218067	0.484684345352252	#A3A500
#F8766D	0.622792587296948	0.38645767930581	#F8766D
#A3A500	0.420668779739355	0.578094454671326	#A3A500
#00BF7D	0.453916255503521	0.572164414129099	#00BF7D
#F8766D	0.610576647456068	0.485421414102156	#F8766D
#F8766D	0.61331204079235	0.368130540168462	#F8766D
#00BF7D	0.448465971632158	0.569869001520289	#00BF7D
#00B0F6	0.553514526484497	0.565713880300001	#00B0F6
#00BF7D	0.430393329894222	0.474147184610855	#00BF7D
#00BF7D	0.470679453254	0.459403473428685	#00BF7D
#A3A500	0.377348170211109	0.356631773063802	#A3A500
#00BF7D	0.448786975444638	0.451431339170076	#00BF7D
#00BF7D	0.444868262684162	0.576558480182683	#00BF7D
#00BF7D	0.448532362102566	0.458010049227023	#00BF7D
#00B0F6	0.602583334849289	0.452185990440918	#00B0F6
#00BF7D	0.476844730847134	0.569314946243513	#00BF7D
#F8766D	0.541347612363031	0.482107500239461	#F8766D
#00B0F6	0.566038176236763	0.448596338986626	#00B0F6
#A3A500	0.398372078833026	0.465614467217069	#A3A500
#00B0F6	0.574960101989436	0.460355263339894	#00B0F6
#A3A500	0.447922841408325	0.490189226498917	#A3A500
#00B0F6	0.579864237806882	0.463579274696927	#00B0F6
#00B0F6	0.643222043954905	0.455283666360673	#00B0F6
#00BF7D	0.482341708977548	0.458246269871143	#00BF7D
#00BF7D	0.478846439627557	0.336270080927831	#00BF7D
#00B0F6	0.622257727148796	0.45673381055442	#00B0F6
#F8766D	0.585424554836242	0.472803102305076	#F8766D
#F8766D	0.598600087180927	0.266849738031606	#F8766D
#A3A500	0.429723345141995	0.366857986857626	#A3A500
#00BF7D	0.35580138009927	0.472918065209372	#00BF7D
#00BF7D	0.448156844399724	0.56966710683354	#00BF7D
#00BF7D	0.46528733741991	0.453529388911079	#00BF7D
#F8766D	0.579106481083383	0.580334843983027	#F8766D
#F8766D	0.592592110598122	0.580203652717871	#F8766D
#00BF7D	0.443084407993294	0.447218601047939	#00BF7D
#00BF7D	0.476601633180422	0.569081809615252	#00BF7D
#00B0F6	0.600087972008817	0.452792178423443	#00B0F6
#00B0F6	0.581147306162305	0.447401085934337	#00B0F6
#00BF7D	0.317938158721814	0.693206719691076	#00BF7D
#A3A500	0.479248618228606	0.605586605603784	#A3A500
#A3A500	0.3897138192006	0.484629352858085	#A3A500
#00B0F6	0.636183763721466	0.447925435700884	#00B0F6
#E76BF3	0.246127164467317	0.599279572080964	#E76BF3
#A3A500	0.397437027937216	0.59755504681356	#A3A500
#00B0F6	0.618181543104975	0.467226958347146	#00B0F6
#00B0F6	0.5867087634023	0.353613797582834	#00B0F6
#00BF7D	0.517985938861594	0.357040847070413	#00BF7D
#00BF7D	0.43207047195321	0.45082819088931	#00BF7D
#F8766D	0.582350188662765	0.476738286709499	#F8766D
#00BF7D	0.400568364440753	0.460580291364372	#00BF7D
#A3A500	0.451974031701509	0.485643906347151	#A3A500
#00B0F6	0.532494272009491	0.446371909494245	#00B0F6
#00BF7D	0.48076211922279	0.446051046313124	#00BF7D
#00BF7D	0.403884142991436	0.570569195022183	#00BF7D
#00BF7D	0.438996750171249	0.347926331768276	#00BF7D
#A3A500	0.413127809965402	0.589304315174936	#A3A500
#A3A500	0.456212381992509	0.360539607824137	#A3A500
#00BF7D	0.487098522905051	0.458484946162898	#00BF7D
#00BF7D	0.488597506705309	0.456261244820234	#00BF7D
#A3A500	0.483172125346628	0.367089071979033	#A3A500
#F8766D	0.565545126450433	0.377239850969334	#F8766D
#F8766D	0.590821968209611	0.471224222493808	#F8766D
#A3A500	0.491057726401742	0.349954226324061	#A3A500
#00BF7D	0.454479996078027	0.565787598758901	#00BF7D
#F8766D	0.592273152979834	0.473122653282356	#F8766D
#F8766D	0.60652947221448	0.367779747249671	#F8766D
#E76BF3	0.209768939781285	0.490580331135593	#E76BF3
#00B0F6	0.573282951774689	0.448728438314841	#00B0F6
#A3A500	0.349743812359528	0.474086852016181	#A3A500
#A3A500	0.464673064265259	0.482481695037521	#A3A500
#00BF7D	0.402309079625766	0.577050231489779	#00BF7D
#A3A500	0.437439471656111	0.485052845237928	#A3A500
#00BF7D	0.453012543172036	0.56747414351011	#00BF7D
#00BF7D	0.42780639050276	0.456466458903579	#00BF7D
#00BF7D	0.407643572501453	0.575823152441855	#00BF7D
#A3A500	0.431968811661155	0.58831045288712	#A3A500
#F8766D	0.593738637028421	0.368104433749663	#F8766D
#F8766D	0.590683832232937	0.469923076313596	#F8766D
#A3A500	0.475805121063109	0.473898561282609	#A3A500
#00BF7D	0.415485581908071	0.576717145537873	#00BF7D
#00BF7D	0.519909706056598	0.454919853542828	#00BF7D
#F8766D	0.550528443619785	0.486467544694963	#F8766D
#00B0F6	0.584750588773797	0.336157809051906	#00B0F6
#A3A500	0.502133316051266	0.580328091897185	#A3A500
#A3A500	0.483712154658179	0.481394106925172	#A3A500
#A3A500	0.414051119114531	0.479624971143816	#A3A500
#00B0F6	0.563494050886121	0.343360189830823	#00B0F6
#00BF7D	0.463754860325466	0.448614381115742	#00BF7D
#F8766D	0.611160722257031	0.490088842231547	#F8766D
#00BF7D	0.487641242883379	0.452466235187004	#00BF7D
#A3A500	0.405903729558617	0.488388748994556	#A3A500
#00B0F6	0.616784453823851	0.351464827558429	#00B0F6
#E76BF3	0.291507006340675	0.478923800600312	#E76BF3
#F8766D	0.578300003746851	0.47465081237321	#F8766D
#00BF7D	0.444351442440028	0.454121817691537	#00BF7D
#00B0F6	0.60197348699174	0.444649795560378	#00B0F6
#E76BF3	0.268164442074589	0.4826393833511	#E76BF3
#F8766D	0.534766879565467	0.491522647129645	#F8766D
#E76BF3	0.21820721957646	0.382271748729874	#E76BF3
#F8766D	0.605450979646958	0.470926326248232	#F8766D
#00BF7D	0.447908710704704	0.34918447284437	#00BF7D
#F8766D	0.67248773772638	0.261431619907348	#F8766D
#A3A500	0.42266789078923	0.485592277563678	#A3A500
#00BF7D	0.378483974173167	0.569940264331554	#00BF7D
#00BF7D	0.46110751607087	0.463227305173538	#00BF7D
#A3A500	0.528830719368229	0.493530514670152	#A3A500
#00B0F6	0.618983947893333	0.462625961865594	#00B0F6
#A3A500	0.42893474389395	0.472748364841292	#A3A500
#E76BF3	0.258852649999889	0.491927970576565	#E76BF3
#00BF7D	0.438218617324157	0.570234921312382	#00BF7D
#00BF7D	0.448681652849914	0.564327059073782	#00BF7D
#A3A500	0.444674055903498	0.490133550169132	#A3A500
#F8766D	0.591131456346732	0.359598406828799	#F8766D
#00B0F6	0.559856269603173	0.454097552063309	#00B0F6
#00B0F6	0.518288953809148	0.568132184503549	#00B0F6
#F8766D	0.60000923721628	0.365120186660785	#F8766D
#F8766D	0.586357694371225	0.470002863022721	#F8766D
#A3A500	0.400005538005562	0.379395379655082	#A3A500
#F8766D	0.588607629782895	0.47765957398221	#F8766D
#F8766D	0.567635550842051	0.591437039546696	#F8766D
#00BF7D	0.523336884047234	0.453376667360166	#00BF7D
#F8766D	0.640367885388273	0.472353168344204	#F8766D
#00B0F6	0.582017618135834	0.465171589701327	#00B0F6
#A3A500	0.507717663351129	0.473639622594838	#A3A500
#E76BF3	0.258054218365991	0.490939243811461	#E76BF3
#00BF7D	0.458395054691593	0.451019734398787	#00BF7D
#F8766D	0.609458939196333	0.372582134495696	#F8766D
#00BF7D	0.407291440596529	0.466372997274177	#00BF7D
#E76BF3	0.26562914173253	0.490915133432122	#E76BF3
#00B0F6	0.624377388112243	0.466636805300982	#00B0F6
#E76BF3	0.272179122941777	0.490853737525501	#E76BF3
#00B0F6	0.555290008309424	0.550643082437598	#00B0F6
#F8766D	0.571026806382697	0.475376428458283	#F8766D
#A3A500	0.51613534095139	0.486333449327289	#A3A500
#00BF7D	0.478859011719279	0.459641645798164	#00BF7D
#00B0F6	0.600435025988296	0.458590099987808	#00B0F6
#F8766D	0.564740298963756	0.370117940735159	#F8766D
#F8766D	0.558727924367742	0.472761464872193	#F8766D
#F8766D	0.590859575949107	0.472050695965586	#F8766D
#00BF7D	0.338703323956907	0.466011080714297	#00BF7D
#F8766D	0.578947459343896	0.483013480725528	#F8766D
#00BF7D	0.503286428966013	0.571165740327506	#00BF7D
#A3A500	0.450645494078141	0.497448191670678	#A3A500
#E76BF3	0.279918500420447	0.484319704603196	#E76BF3
#A3A500	0.37306448548553	0.380983846676157	#A3A500
#00B0F6	0.651539419389309	0.452053431504526	#00B0F6
#F8766D	0.550237269812624	0.36898972303448	#F8766D
#F8766D	0.551239825091783	0.487845617795881	#F8766D
#00B0F6	0.629997883933416	0.459016372024222	#00B0F6
#00BF7D	0.405264906640213	0.457444286255034	#00BF7D
#00B0F6	0.554458955623518	0.571551183212601	#00B0F6
#F8766D	0.58239963108517	0.475522466901906	#F8766D
#E76BF3	0.185433608724758	0.598916387631342	#E76BF3
#E76BF3	0.203328672722485	0.492800588635715	#E76BF3
#F8766D	0.549486176910361	0.359831823151895	#F8766D
#00BF7D	0.44716547933089	0.34357400292907	#00BF7D
#00B0F6	0.578176258286497	0.44736194846319	#00B0F6
#00BF7D	0.455547878953745	0.346945320619468	#00BF7D
#00BF7D	0.46818272413157	0.578470166251021	#00BF7D
#00BF7D	0.404055495151882	0.457642233176966	#00BF7D
#A3A500	0.475052477704705	0.482053291362406	#A3A500
#F8766D	0.577676996821573	0.471020151854258	#F8766D
#00BF7D	0.431827473680212	0.566469805599074	#00BF7D
#00BF7D	0.493356969402452	0.452773438947553	#00BF7D
#F8766D	0.599109597432968	0.470714944133169	#F8766D
#A3A500	0.439934190023999	0.3792517413917	#A3A500
#00B0F6	0.554606404191068	0.443212378059692	#00B0F6
#F8766D	0.617162132714041	0.479233138357423	#F8766D
#00BF7D	0.441240473904326	0.450597734136127	#00BF7D
#00BF7D	0.411064574253146	0.457041584857935	#00BF7D
#00B0F6	0.593895915981824	0.346644733345519	#00B0F6
#00BF7D	0.357941282352944	0.473646361169523	#00BF7D
#A3A500	0.417387273788807	0.484060854543624	#A3A500
#00BF7D	0.402122506603958	0.570332110629104	#00BF7D
#E76BF3	0.209122582497738	0.49580381058122	#E76BF3
#A3A500	0.506638661144388	0.375212964258101	#A3A500
#00B0F6	0.587058791616455	0.456110599440628	#00B0F6
#A3A500	0.429202609239979	0.482483062708756	#A3A500
#00B0F6	0.572522772352871	0.553761100885215	#00B0F6
#A3A500	0.47935051274774	0.487600773472407	#A3A500
#A3A500	0.452113492063003	0.485081811445144	#A3A500
#E76BF3	0.250006719032157	0.490638587558961	#E76BF3
#00BF7D	0.4856270968446	0.465761214160762	#00BF7D
#00BF7D	0.358252739347469	0.465352220285998	#00BF7D
#00BF7D	0.427854827547894	0.461883433584043	#00BF7D
#A3A500	0.445833705961875	0.486381869648956	#A3A500
#A3A500	0.428398007824622	0.459911763594418	#A3A500
#00B0F6	0.588958244973056	0.452879276608081	#00B0F6
#00B0F6	0.573524725056582	0.45082481602532	#00B0F6
#A3A500	0.361649852119509	0.461760437193006	#A3A500
#00B0F6	0.586119575236243	0.457547208659749	#00B0F6
#F8766D	0.552778739936141	0.382296545302693	#F8766D
#00B0F6	0.583684710195133	0.446078689163204	#00B0F6
#00B0F6	0.576282520870439	0.563784611710725	#00B0F6
#00BF7D	0.491513035313484	0.456152572035741	#00BF7D
#00BF7D	0.448909162293093	0.461087014295882	#00BF7D
#00B0F6	0.599907249760917	0.462887076506165	#00B0F6
#A3A500	0.430763508160649	0.486540355090805	#A3A500
#00BF7D	0.461180627859092	0.457926898807204	#00BF7D
#A3A500	0.507316507425064	0.486049591978615	#A3A500
#00BF7D	0.494291851723518	0.568754263326841	#00BF7D
#00BF7D	0.490598812683909	0.451641353613903	#00BF7D
#00B0F6	0.543686374464063	0.45661284602059	#00B0F6
#F8766D	0.562385040957361	0.47535694967938	#F8766D
#00BF7D	0.455593532395875	0.452467098935964	#00BF7D
#A3A500	0.468389128198101	0.490315102328019	#A3A500
#A3A500	0.493772291471788	0.369115150408701	#A3A500
#F8766D	0.609531371072319	0.474339885075284	#F8766D
#A3A500	0.460755164552111	0.464882347938046	#A3A500
#00BF7D	0.441658309909937	0.459591284904433	#00BF7D
#00BF7D	0.505078172469223	0.456854157873323	#00BF7D
#F8766D	0.531262063397521	0.479689979653025	#F8766D
#00BF7D	0.447921189860197	0.452337095428702	#00BF7D
#00B0F6	0.586081967496747	0.456720735187971	#00B0F6
#A3A500	0.477567855764085	0.487721793473632	#A3A500
#F8766D	0.599139704548701	0.356166277285903	#F8766D
#A3A500	0.421007462551166	0.378771708933112	#A3A500
#00B0F6	0.59345327039976	0.444746885095605	#00B0F6
#F8766D	0.625054264455299	0.371853154699927	#F8766D
#00BF7D	0.463591369693469	0.565088772928244	#00BF7D
#F8766D	0.556721766535019	0.358279733595044	#F8766D
#A3A500	0.531572556911911	0.36143136949996	#A3A500
#E76BF3	0.2131077432252	0.491289732370964	#E76BF3
#00BF7D	0.492539301855595	0.454326616480805	#00BF7D
#00BF7D	0.456853810085144	0.565064842462246	#00BF7D
#00B0F6	0.584796016144605	0.457128976248565	#00B0F6
#00B0F6	0.585306241748533	0.341682952594587	#00B0F6
#00B0F6	0.590263666465236	0.469425561115565	#00B0F6
#A3A500	0.453151593288024	0.481213562610838	#A3A500
#00B0F6	0.589173339214806	0.574614433393492	#00B0F6
#00BF7D	0.481605333754913	0.462816024411184	#00BF7D
#00BF7D	0.418783030529352	0.566740407667959	#00BF7D
#A3A500	0.447728825259331	0.600567980414819	#A3A500
#E76BF3	0.217216875484337	0.498615129190565	#E76BF3
#00B0F6	0.625436275706362	0.442914022205938	#00B0F6
#E76BF3	0.267536357223867	0.375356489228832	#E76BF3
#00B0F6	0.608622126974475	0.457606148918735	#00B0F6
#F8766D	0.586580189843023	0.591238408789147	#F8766D
#00BF7D	0.483951271014673	0.452271148053491	#00BF7D
#00B0F6	0.575251083466653	0.441739391376347	#00B0F6
#00B0F6	0.625538681562989	0.465791437104424	#00B0F6
#00B0F6	0.646550698005418	0.344344409441437	#00B0F6
#F8766D	0.543408871062124	0.476092737028385	#F8766D
#E76BF3	0.303020389718139	0.492093891939873	#E76BF3
#A3A500	0.438249696075781	0.600596542481253	#A3A500
#A3A500	0.368983095140385	0.479858891389188	#A3A500
#F8766D	0.615376727567032	0.367205889185056	#F8766D
#00BF7D	0.431995355867933	0.565049995283779	#00BF7D
#A3A500	0.462937746013239	0.474433541921264	#A3A500
#A3A500	0.455652713966177	0.477201451285708	#A3A500
#A3A500	0.485252812288621	0.494626098093631	#A3A500
#00B0F6	0.616084227122527	0.455102618124062	#00B0F6
#F8766D	0.587065421696313	0.481740212776132	#F8766D
#00B0F6	0.62292939719053	0.450332056873672	#00B0F6
#E76BF3	0.266893392576259	0.597923153711749	#E76BF3
#A3A500	0.468124004557941	0.497072864582119	#A3A500
#00B0F6	0.68195819063588	0.461292106291141	#00B0F6
#F8766D	0.57182487711191	0.588192865575141	#F8766D
#F8766D	0.574688030960142	0.37600386854722	#F8766D
#F8766D	0.573181610490184	0.590980253718489	#F8766D
#00B0F6	0.584844134182189	0.457776397523191	#00B0F6
#F8766D	0.587138852492084	0.481209359815636	#F8766D
#E76BF3	0.196924328113676	0.609538271041588	#E76BF3
#00BF7D	0.472951598813303	0.561217160383243	#00BF7D
#E76BF3	0.211521489649207	0.60500797798163	#E76BF3
#00BF7D	0.455124703511718	0.462001997937632	#00BF7D
#E76BF3	0.287551365752938	0.496166311195224	#E76BF3
#F8766D	0.57705942226894	0.363558205534838	#F8766D
#00BF7D	0.404937542414605	0.357495692326556	#00BF7D
#00B0F6	0.577792694881021	0.454323701224992	#00B0F6
#00B0F6	0.544915482163752	0.457920035786573	#00B0F6
#F8766D	0.556294157640132	0.474879093173593	#F8766D
#00BF7D	0.49110580254219	0.467198911356284	#00BF7D
#00B0F6	0.629759857734663	0.466779659947252	#00B0F6
#00BF7D	0.484485584385681	0.453384842584638	#00BF7D
#00BF7D	0.43989534913764	0.461217441593572	#00BF7D
#00B0F6	0.60672357960143	0.338329925925197	#00B0F6
#00BF7D	0.40554561204642	0.458503896355072	#00BF7D
#F8766D	0.525323615335329	0.37359661900621	#F8766D
#F8766D	0.551865161779151	0.482980242744558	#F8766D
#E76BF3	0.239678072399935	0.487987930344265	#E76BF3
#00BF7D	0.425203736210159	0.46663669200833	#00BF7D
#00BF7D	0.402704838618837	0.456218475096852	#00BF7D
#F8766D	0.617730944756506	0.480852747538515	#F8766D
#00BF7D	0.435127344999813	0.568215974444886	#00BF7D
#00BF7D	0.468092606798767	0.46194169000741	#00BF7D
#00B0F6	0.651521826868721	0.4575016481265	#00B0F6
#F8766D	0.575087140692014	0.589112560949176	#F8766D
#00B0F6	0.606622464388244	0.465132352448685	#00B0F6
#00B0F6	0.611405277443655	0.452790406611425	#00B0F6
#F8766D	0.647025611890563	0.371118959249599	#F8766D
#A3A500	0.404000848126427	0.486529959599433	#A3A500
#00BF7D	0.471788655512701	0.463500407204157	#00BF7D
#F8766D	0.608368292938353	0.473001453367789	#F8766D
#00BF7D	0.514663268720082	0.449124791766881	#00BF7D
#00BF7D	0.457888618067941	0.459728159928678	#00BF7D
#E76BF3	0.169587417206859	0.616083743117566	#E76BF3
#F8766D	0.564961696122055	0.477767338703644	#F8766D
#F8766D	0.593023827480834	0.361636248421075	#F8766D
#00BF7D	0.52819933957701	0.345489177154049	#00BF7D
#F8766D	0.606221952934764	0.58273723769616	#F8766D
#00B0F6	0.536690454430528	0.453307959978031	#00B0F6
#A3A500	0.474783699917635	0.499170330268998	#A3A500
#F8766D	0.548038477712305	0.595495519686639	#F8766D
#00B0F6	0.551044518299347	0.448544530289812	#00B0F6
#00B0F6	0.582739091504657	0.345726305861227	#00B0F6
#E76BF3	0.202652888235442	0.505514577982687	#E76BF3
#00B0F6	0.563895986118135	0.339766814839154	#00B0F6
#F8766D	0.603862757213561	0.481312897077417	#F8766D
#A3A500	0.453941518920889	0.373459943544953	#A3A500
#E76BF3	0.213390778393499	0.483853306900728	#E76BF3
#00BF7D	0.411267641482043	0.444725341298691	#00BF7D
#A3A500	0.459464234668238	0.477513106733352	#A3A500
#00BF7D	0.412783949834432	0.569100075971809	#00BF7D
#F8766D	0.584979295924189	0.362378663409975	#F8766D
#00BF7D	0.374956586952902	0.575778331211619	#00BF7D
#00BF7D	0.411944617218814	0.465816442035665	#00BF7D
#E76BF3	0.254507141391854	0.590927983055636	#E76BF3
#A3A500	0.41810062411821	0.588770602426022	#A3A500
#F8766D	0.573519520453531	0.478496722640195	#F8766D
#F8766D	0.524518426943966	0.478302419123794	#F8766D
#00BF7D	0.429943602089658	0.577518500785759	#00BF7D
#F8766D	0.588569476964529	0.487512935984757	#F8766D
#00B0F6	0.626962810788941	0.350087078466446	#00B0F6
#00B0F6	0.612215862768011	0.456506393502996	#00B0F6
#A3A500	0.461171450101581	0.491188528668734	#A3A500
#A3A500	0.428210429425544	0.459826437221799	#A3A500
#00BF7D	0.418383559892793	0.465459425617762	#00BF7D
#A3A500	0.382981012052684	0.487832293537539	#A3A500
#00B0F6	0.55262000006628	0.562707798566078	#00B0F6
#00BF7D	0.465720761649054	0.565996121085546	#00BF7D
#00BF7D	0.414750112668992	0.458779354251834	#00BF7D
#00BF7D	0.376608190182383	0.56908700060536	#00BF7D
#F8766D	0.542589879130448	0.479509155643855	#F8766D
#A3A500	0.442900166431849	0.371294454311558	#A3A500
#A3A500	0.417364603342774	0.385856837562281	#A3A500
#A3A500	0.442293385745203	0.480676082010447	#A3A500
#00BF7D	0.407236240336445	0.470994740424373	#00BF7D
#F8766D	0.585139415977174	0.473286174465423	#F8766D
#F8766D	0.590532211723499	0.372102102037108	#F8766D
#00BF7D	0.422983186104849	0.568086734905089	#00BF7D
#00BF7D	0.441387795794268	0.453583069201405	#00BF7D
#A3A500	0.438388419028462	0.474620589429547	#A3A500
#F8766D	0.566305496503921	0.469010872328417	#F8766D
#F8766D	0.545165854382906	0.588977701614037	#F8766D
#A3A500	0.400867215602177	0.480457668114706	#A3A500
#A3A500	0.50866871441425	0.470160720096346	#A3A500
#A3A500	0.468652467155041	0.481373540169869	#A3A500
#00BF7D	0.457965116034615	0.576115129547607	#00BF7D
#00BF7D	0.409575101831192	0.561374837543527	#00BF7D
#00B0F6	0.571545303760579	0.449176320768859	#00B0F6
#A3A500	0.440713988320388	0.604574552076453	#A3A500
#00BF7D	0.409341869989984	0.455767732854416	#00BF7D
#00BF7D	0.39767481990889	0.570295329024098	#00BF7D
#00BF7D	0.4459841287641	0.454741944789471	#00BF7D
#00BF7D	0.463191580049361	0.459038237472209	#00BF7D
#00BF7D	0.442306770884252	0.461321158768695	#00BF7D
#A3A500	0.470455783830188	0.592722126126095	#A3A500
#00BF7D	0.441152878663555	0.461666915946267	#00BF7D
#00BF7D	0.486123122563877	0.573106592166048	#00BF7D
#A3A500	0.443065138338958	0.601303587850483	#A3A500
#F8766D	0.587036220564136	0.473781333797313	#F8766D
#00B0F6	0.596072285764358	0.451210618737099	#00B0F6
#A3A500	0.459221456009076	0.482049523510929	#A3A500
#E76BF3	0.291947187327284	0.485696005892096	#E76BF3
#00B0F6	0.601909561116787	0.451634390811778	#00B0F6
#00BF7D	0.370078585096729	0.463595376253979	#00BF7D
#A3A500	0.274733800487644	0.479313570726556	#A3A500
#00BF7D	0.43654092203054	0.569287931761656	#00BF7D
#00BF7D	0.502692523779197	0.459619207449348	#00BF7D
#00B0F6	0.52119168425428	0.460101335728889	#00B0F6
#A3A500	0.470827228984857	0.370780040428206	#A3A500
#A3A500	0.428756386847791	0.262094154544119	#A3A500
#F8766D	0.581786808992945	0.371287391727938	#F8766D
#F8766D	0.55905509796168	0.375906374871211	#F8766D
#00BF7D	0.395006036656852	0.464622052732336	#00BF7D
#F8766D	0.547076497949832	0.478509169638421	#F8766D
#E76BF3	0.205999779279128	0.49432202030518	#E76BF3
#00B0F6	0.657455883375189	0.448540427276105	#00B0F6
#F8766D	0.553926555311609	0.380587158061887	#F8766D
#00BF7D	0.407182271524952	0.453534300206351	#00BF7D
#F8766D	0.573906965775511	0.385016314040306	#F8766D
#00BF7D	0.455134434503857	0.453006351348373	#00BF7D
#A3A500	0.446205434684443	0.481462410166524	#A3A500
#00B0F6	0.60240759113312	0.450058370788928	#00B0F6
#00BF7D	0.47714910561916	0.56628996978481	#00BF7D
#00BF7D	0.507001394585357	0.56541299982006	#00BF7D
#00BF7D	0.485963866597311	0.456288799042116	#00BF7D
#A3A500	0.355911554548118	0.479123967789143	#A3A500
#00BF7D	0.456209138091103	0.4565973704739	#00BF7D
#F8766D	0.608411333050494	0.369996641039098	#F8766D
#00B0F6	0.59895949194002	0.567834412703919	#00B0F6
#00BF7D	0.476720114842875	0.452280555349957	#00BF7D
#00B0F6	0.570368103078751	0.341778954153414	#00B0F6
#A3A500	0.40553775867373	0.489902285134384	#A3A500
#A3A500	0.425523508574047	0.370281213026333	#A3A500
#F8766D	0.520387403544746	0.381589599714958	#F8766D
#00BF7D	0.490517974200603	0.357016008541356	#00BF7D
#A3A500	0.488130095142201	0.484151845025685	#A3A500
#00BF7D	0.502582490621201	0.45269079245001	#00BF7D
#00BF7D	0.355038133506549	0.46103290520032	#00BF7D
#00BF7D	0.432803653327335	0.460664753988032	#00BF7D
#A3A500	0.51422738805124	0.476478235380876	#A3A500
#A3A500	0.383647023650452	0.600711214537419	#A3A500
#A3A500	0.455062881327535	0.47593994649892	#A3A500
#00B0F6	0.58770181376064	0.466015950053331	#00B0F6
#00B0F6	0.587459076998614	0.353955103073312	#00B0F6
#00B0F6	0.530078877108419	0.451857915565778	#00B0F6
#A3A500	0.436616272342896	0.47456255723362	#A3A500
#F8766D	0.529033467589577	0.47644471770507	#F8766D
#F8766D	0.584514858595755	0.486968143908854	#F8766D
#00BF7D	0.497414236540865	0.44959174885902	#00BF7D
#F8766D	0.592989421745607	0.381349276057131	#F8766D
#00BF7D	0.453635231089764	0.566335250623224	#00BF7D
#00BF7D	0.529141304120576	0.456200837108519	#00BF7D
#00B0F6	0.60448831997225	0.460998133145931	#00B0F6
#00B0F6	0.605815072912398	0.447010047918352	#00B0F6
#A3A500	0.319561056557169	0.470350478282648	#A3A500
#E76BF3	0.244485653134662	0.485147545746209	#E76BF3
#F8766D	0.612519006091445	0.475563600412513	#F8766D
#A3A500	0.496304901147071	0.481163146249712	#A3A500
#A3A500	0.305861112106631	0.357563107154497	#A3A500
#A3A500	0.433920398106937	0.463539564324951	#A3A500
#00BF7D	0.435108009693141	0.454883127405217	#00BF7D
#00B0F6	0.533351650986612	0.45259855874266	#00B0F6
#F8766D	0.611469756553237	0.470071794632296	#F8766D
#00B0F6	0.568104421623344	0.465304876787436	#00B0F6
#00B0F6	0.517287907088994	0.548560923537362	#00B0F6
#00BF7D	0.429013018388086	0.556373315617676	#00BF7D
#00BF7D	0.354230976257782	0.46240703053642	#00BF7D
#A3A500	0.436465296306043	0.481936498820835	#A3A500
#A3A500	0.479308152547835	0.483547428855178	#A3A500
#00BF7D	0.377478402762197	0.470982753034325	#00BF7D
#00BF7D	0.501574496511912	0.342010374437051	#00BF7D
#00B0F6	0.581479876689236	0.458967782942509	#00B0F6
#00B0F6	0.52684402997727	0.456713299266512	#00B0F6
#00BF7D	0.420545446222779	0.575794086453145	#00BF7D
#00B0F6	0.622629094966678	0.563642061423743	#00B0F6
#00BF7D	0.413904667768494	0.566385163062073	#00BF7D
#A3A500	0.415669640993604	0.490783427091394	#A3A500
#00BF7D	0.461557208435783	0.572109061808249	#00BF7D
#00BF7D	0.462639674157764	0.463372759563037	#00BF7D
#A3A500	0.486607441976125	0.49046013292709	#A3A500
#00BF7D	0.400841307712225	0.57396722283515	#00BF7D
#00BF7D	0.404442260561627	0.471219981522997	#00BF7D
#00BF7D	0.378665475727016	0.568661960640939	#00BF7D
#00B0F6	0.612707815939115	0.453566743416913	#00B0F6
#A3A500	0.474256736737583	0.360740818675269	#A3A500
#A3A500	0.433383528902517	0.486371294244242	#A3A500
#F8766D	0.545749871687291	0.361173114647808	#F8766D
#00BF7D	0.412312917865792	0.455806870325563	#00BF7D
#00BF7D	0.453535021860135	0.570630131320627	#00BF7D
#A3A500	0.44315843392083	0.354356467602117	#A3A500
#00BF7D	0.412312917865792	0.455806870325563	#00BF7D
#F8766D	0.630929466554773	0.377872953652222	#F8766D
#00B0F6	0.581945511724882	0.463839201579604	#00B0F6
#F8766D	0.580002466719784	0.48509936316314	#F8766D
#00BF7D	0.470901169419848	0.571822424803004	#00BF7D
#00BF7D	0.465771563895929	0.350663987386116	#00BF7D
#00B0F6	0.587691210526323	0.445976059964482	#00B0F6
#A3A500	0.406553421981524	0.468036439490599	#A3A500
#F8766D	0.593134866016101	0.361931868932357	#F8766D
#A3A500	0.51214168068038	0.477760990758585	#A3A500
#00BF7D	0.457658679468957	0.455589488938828	#00BF7D
#F8766D	0.566833407564665	0.368335574338465	#F8766D
#00BF7D	0.421628138016081	0.451608395327769	#00BF7D
#E76BF3	0.131978426209861	0.496896309988841	#E76BF3
#00BF7D	0.46236537106182	0.564102141984093	#00BF7D
#F8766D	0.542023071385039	0.368968148434624	#F8766D
#00B0F6	0.582575826943981	0.44675130879357	#00B0F6
#A3A500	0.40553775867373	0.489902285134384	#A3A500
#00B0F6	0.588950482838322	0.56520659797882	#00B0F6
#F8766D	0.589567866759285	0.475864860368784	#F8766D
#00B0F6	0.567532726584161	0.447915319904348	#00B0F6
#00BF7D	0.484123041576383	0.459988490952136	#00BF7D
#F8766D	0.603667317286033	0.477680140737513	#F8766D
#00BF7D	0.517648254969568	0.454074989268547	#00BF7D
#00BF7D	0.384277204036185	0.68000164322298	#00BF7D
#F8766D	0.601263112595285	0.375928937665973	#F8766D
#00B0F6	0.526823653853677	0.562266319524514	#00B0F6
#00B0F6	0.514868213568427	0.459211290397689	#00B0F6
#00BF7D	0.439250316238913	0.464577679956981	#00BF7D
#A3A500	0.313609088522563	0.47999036234918	#A3A500
#00BF7D	0.344450581370247	0.46578112788339	#00BF7D
#E76BF3	0.217984101689004	0.600566375004985	#E76BF3
#00BF7D	0.39210509089494	0.574836701411046	#00BF7D
#A3A500	0.425492396081045	0.491462674361654	#A3A500
#00BF7D	0.439784955074957	0.566116736945989	#00BF7D
#E76BF3	0.201277145015531	0.489819705257531	#E76BF3
#00BF7D	0.478937462943916	0.330291011345361	#00BF7D
#00B0F6	0.583874937363852	0.442437533371387	#00B0F6
#00BF7D	0.430922111498872	0.463217413604442	#00BF7D
#F8766D	0.571642051173241	0.591334410347974	#F8766D
#F8766D	0.61270694539521	0.363821216433374	#F8766D
#A3A500	0.442474887299052	0.479397778319833	#A3A500
#A3A500	0.306895198280056	0.475881845324442	#A3A500
#00B0F6	0.631338575247243	0.449939346827162	#00B0F6
#00BF7D	0.511154891341453	0.467870343228755	#00BF7D
#A3A500	0.510824977739921	0.487522982802742	#A3A500
#00B0F6	0.612724403082433	0.454751321282995	#00B0F6
#00BF7D	0.405911582931308	0.456990360215245	#00BF7D
#F8766D	0.613433363554385	0.383696497362755	#F8766D
#A3A500	0.41858850474114	0.47554592424857	#A3A500
#00BF7D	0.373891069278925	0.573871500971158	#00BF7D
#00BF7D	0.429013018388086	0.556373315617676	#00BF7D
#F8766D	0.611775909550996	0.373574809025618	#F8766D
#00BF7D	0.412563458659689	0.338943132177243	#00BF7D
#00B0F6	0.546962576417846	0.462443601425142	#00B0F6
#A3A500	0.432617952547706	0.482982169805465	#A3A500
#00BF7D	0.433821052963728	0.461924162953867	#00BF7D
#F8766D	0.660006993252889	0.371922670363627	#F8766D
#F8766D	0.603118746533797	0.46688583277001	#F8766D
#00BF7D	0.501072451443984	0.465773381464152	#00BF7D
#00BF7D	0.455773390557354	0.44828248292173	#00BF7D
#A3A500	0.459515320483012	0.479203599249378	#A3A500
#A3A500	0.421528163013532	0.475399705891606	#A3A500
#E76BF3	0.303502158056189	0.589758656508803	#E76BF3
#00BF7D	0.503618262084131	0.457318579185978	#00BF7D
#00BF7D	0.460636583495944	0.465808850865317	#00BF7D
#00BF7D	0.443341444033684	0.452362797706718	#00BF7D
#A3A500	0.430037643236102	0.490931057433694	#A3A500
#E76BF3	0.241312083108827	0.48674481635998	#E76BF3
#00B0F6	0.59423068143748	0.446093716255012	#00B0F6
#00BF7D	0.418870760603488	0.459292904386227	#00BF7D
#F8766D	0.595983593908362	0.387983662443863	#F8766D
#00BF7D	0.499985175765015	0.338810797468291	#00BF7D
#E76BF3	0.229770009936678	0.606479093071463	#E76BF3
#00BF7D	0.451636113582404	0.563181618678848	#00BF7D
#00BF7D	0.379881969437846	0.563194849294186	#00BF7D
#00B0F6	0.644736609521211	0.460877337372146	#00B0F6
#00BF7D	0.449628631364861	0.450563128483921	#00BF7D
#00BF7D	0.446425583096436	0.322834702955439	#00BF7D
#F8766D	0.575945199581371	0.488281053251673	#F8766D
#00B0F6	0.58093340962777	0.455126828284895	#00B0F6
#00BF7D	0.466609572126728	0.455810862404481	#00BF7D
#A3A500	0.472349840253796	0.481069016284397	#A3A500
#00B0F6	0.575244879943818	0.571699901531301	#00B0F6
#00BF7D	0.479769487265714	0.454293198586493	#00BF7D
#A3A500	0.381882639099621	0.488325860970752	#A3A500
#F8766D	0.592414037119862	0.586572068636156	#F8766D
#00B0F6	0.645575842743115	0.448286219970265	#00B0F6
#F8766D	0.56900447980792	0.480354424058918	#F8766D
#F8766D	0.533807229565084	0.366040261511149	#F8766D
#00BF7D	0.463581539307616	0.458209668179479	#00BF7D
#A3A500	0.413891375565672	0.605959028589826	#A3A500
#E76BF3	0.206209702659204	0.492186001201277	#E76BF3
#00BF7D	0.453535021860135	0.570630131320627	#00BF7D
#A3A500	0.302203089533455	0.477475168173394	#A3A500
#00B0F6	0.582291467390863	0.456050975346024	#00B0F6
#A3A500	0.478341158813981	0.591036669351286	#A3A500
#A3A500	0.4227099255241	0.389220259723043	#A3A500
#A3A500	0.467299480859906	0.48844581766003	#A3A500
#E76BF3	0.243351776132872	0.491767993017534	#E76BF3
#F8766D	0.554374462993302	0.487285114792551	#F8766D
#00B0F6	0.547206679461828	0.456043943565347	#00B0F6
#A3A500	0.383965237402441	0.48672254677121	#A3A500
#A3A500	0.432029444293883	0.479857423936458	#A3A500
#00BF7D	0.324318415563542	0.459909319100078	#00BF7D
#F8766D	0.546807627226533	0.475407266259012	#F8766D
#00BF7D	0.416137597635582	0.452212991411618	#00BF7D
#F8766D	0.585359205182755	0.365776187300666	#F8766D
#F8766D	0.580944373766773	0.363339008021986	#F8766D
#F8766D	0.622053335535079	0.470913295195882	#F8766D
#00BF7D	0.428511008759808	0.467883249835157	#00BF7D
#F8766D	0.613711285357588	0.484860911098826	#F8766D
#A3A500	0.468627699475725	0.471871978930665	#A3A500
#A3A500	0.406173244754501	0.596685568237663	#A3A500
#00BF7D	0.400296844947814	0.4612048701494	#00BF7D
#E76BF3	0.245184194546481	0.495200706614554	#E76BF3
#E76BF3	0.246546911833755	0.479132782535134	#E76BF3
#00B0F6	0.549471558624447	0.461978920067298	#00B0F6
#A3A500	0.420093884394176	0.479455406374977	#A3A500
#F8766D	0.571465244583223	0.36336757008842	#F8766D
#00B0F6	0.615390438171117	0.448276328401169	#00B0F6
#E76BF3	0.185211525196738	0.502669337556754	#E76BF3
#00BF7D	0.429985904792985	0.349099830307368	#00BF7D
#F8766D	0.6661279482462	0.470104932831772	#F8766D
#A3A500	0.446186517779034	0.488773867870717	#A3A500
#A3A500	0.39197083683477	0.487016899392751	#A3A500
#00BF7D	0.442288080050165	0.453183227592724	#00BF7D
#00B0F6	0.574221983980717	0.346143954218287	#00B0F6
#00B0F6	0.566870200558561	0.572598526227755	#00B0F6
#F8766D	0.583327012782473	0.476128150962155	#F8766D
#00BF7D	0.458568694716993	0.446194000740888	#00BF7D
#F8766D	0.561732967733272	0.367389088710015	#F8766D
#A3A500	0.455596968627222	0.49250302991023	#A3A500
#00B0F6	0.570255018349292	0.567001995427864	#00B0F6
#F8766D	0.649923094137234	0.468067271152838	#F8766D
#00B0F6	0.584468517085632	0.453558703791683	#00B0F6
#00B0F6	0.541672093591919	0.566286146465939	#00B0F6
#00BF7D	0.506951952162952	0.566628819627652	#00BF7D
#00BF7D	0.488013750911896	0.45636337009668	#00BF7D
#00B0F6	0.564283035095778	0.570367189400643	#00B0F6
#F8766D	0.589386139134115	0.492592552939562	#F8766D
#A3A500	0.40345438106496	0.482689004941818	#A3A500
#00B0F6	0.524518653015287	0.462853030243631	#00B0F6
#A3A500	0.485043894285816	0.490129322709478	#A3A500
#00B0F6	0.604942120324988	0.467911845062395	#00B0F6
#A3A500	0.428624192882981	0.358534959898732	#A3A500
#F8766D	0.649445759252044	0.368859824323518	#F8766D
#F8766D	0.570259035099161	0.384105018118185	#F8766D
#E76BF3	0.249074903881994	0.491575585759097	#E76BF3
#00BF7D	0.452720782388869	0.577273421081549	#00BF7D
#A3A500	0.452199762918954	0.475875870717222	#A3A500
#00B0F6	0.578034007864513	0.452373037949201	#00B0F6
#00B0F6	0.623404537146994	0.46165721780167	#00B0F6
#00BF7D	0.429841196233031	0.554641085887273	#00BF7D
#A3A500	0.425523508574047	0.370281213026333	#A3A500
#00BF7D	0.52588854546129	0.461734884025389	#00BF7D
#00BF7D	0.514549900422724	0.457325206825873	#00BF7D
#00BF7D	0.473187011682067	0.344927281815031	#00BF7D
#A3A500	0.464196373852653	0.488469164071904	#A3A500
#A3A500	0.393613672552245	0.599285684645287	#A3A500
#00B0F6	0.598861612472482	0.563633257831048	#00B0F6
#F8766D	0.600590982255152	0.378283650360452	#F8766D
#00B0F6	0.592524883325186	0.450773995523412	#00B0F6
#00BF7D	0.439897452828409	0.468170794903461	#00BF7D
#00BF7D	0.407756296326226	0.462427821519164	#00BF7D
#A3A500	0.452291565541263	0.478713395526859	#A3A500
#00B0F6	0.530460110751805	0.453392198374251	#00B0F6
#00BF7D	0.495152240374965	0.459426720059065	#00BF7D
#00BF7D	0.445407915491586	0.453621946627364	#00BF7D
#F8766D	0.636943717071963	0.358342162010671	#F8766D
#A3A500	0.439560264674434	0.356998905278242	#A3A500
#00BF7D	0.435483166491298	0.455053780150456	#00BF7D
#00B0F6	0.583663144520086	0.457116629031834	#00B0F6
#00B0F6	0.605094965825531	0.447994826918637	#00B0F6
#00BF7D	0.451933767036615	0.453598096293213	#00BF7D
#00BF7D	0.419086399924107	0.570348225697312	#00BF7D
#00BF7D	0.41633568633275	0.452119265587085	#00BF7D
#A3A500	0.514425795755957	0.481154062962181	#A3A500
#00B0F6	0.603948155827333	0.443071419671387	#00B0F6
#F8766D	0.607099608641764	0.367536115348544	#F8766D
#00B0F6	0.558359296557456	0.443055664429861	#00B0F6
#00BF7D	0.43084292286542	0.467154189907542	#00BF7D
#F8766D	0.59800482216964	0.369419519045283	#F8766D
#00BF7D	0.478702603309781	0.570846873185843	#00BF7D
#00BF7D	0.376683724668924	0.575509500954753	#00BF7D
#E76BF3	0.250322928487091	0.485571317820888	#E76BF3
#F8766D	0.564689171251846	0.485024711976728	#F8766D
#A3A500	0.439261379771631	0.4886646110321	#A3A500
#E76BF3	0.155004420116327	0.61007570732788	#E76BF3
#F8766D	0.578137193027089	0.484067047239794	#F8766D
#00B0F6	0.566197651817164	0.454308934178372	#00B0F6
#00BF7D	0.514597013083038	0.464605422588555	#00BF7D
#00B0F6	0.594475882794962	0.453280206193162	#00B0F6
#E76BF3	0.245116160683703	0.6041533465842	#E76BF3
#00BF7D	0.484545537106175	0.451989970579894	#00BF7D
#F8766D	0.54503854771187	0.59226705664251	#F8766D
#A3A500	0.459576179187062	0.355301181418549	#A3A500
#A3A500	0.466041632326441	0.483226789901497	#A3A500
#00BF7D	0.422213311130543	0.469861971255106	#00BF7D
#00BF7D	0.510186834733751	0.349520363117299	#00BF7D
#E76BF3	0.206165338162244	0.597054054612182	#E76BF3
#00B0F6	0.604534334319065	0.454692201110667	#00B0F6
#F8766D	0.558303686051867	0.361978921582788	#F8766D
#A3A500	0.414655251031538	0.373969825609363	#A3A500
#F8766D	0.575890685691008	0.481500448507976	#F8766D
#00BF7D	0.460453438549725	0.464180842232312	#00BF7D
#A3A500	0.485238554907394	0.484945484657275	#A3A500
#E76BF3	0.256525813819722	0.596309264107494	#E76BF3
#F8766D	0.606408886861258	0.477627648205081	#F8766D
#00B0F6	0.541173284269637	0.559045572096681	#00B0F6
#00B0F6	0.595277607671085	0.555737366657527	#00B0F6
#00BF7D	0.495929197571771	0.552382319284226	#00BF7D
#00BF7D	0.44566988816657	0.563140889309024	#00BF7D
#00B0F6	0.576587901019734	0.554126840763966	#00B0F6
#F8766D	0.618675918974397	0.476010214976789	#F8766D
#00B0F6	0.614689886004757	0.451488756508937	#00B0F6
#00BF7D	0.392157182086985	0.569894399439017	#00BF7D
#00BF7D	0.338718586715405	0.469058899662597	#00BF7D
#00B0F6	0.571918130796646	0.457843009084373	#00B0F6
#00BF7D	0.531643749183548	0.450325484701171	#00BF7D
#F8766D	0.619537632010664	0.36481943062679	#F8766D
#00BF7D	0.447146427592116	0.447263782104858	#00BF7D
#E76BF3	0.258975523218065	0.490181297808477	#E76BF3
#00BF7D	0.461845315072039	0.572669060889303	#00BF7D
#A3A500	0.400950930624717	0.495197151837222	#A3A500
#00B0F6	0.60131196634341	0.562700207395729	#00B0F6
#A3A500	0.453412602482874	0.480768036022961	#A3A500
#00B0F6	0.60248755907252	0.454938188877936	#00B0F6
#00B0F6	0.562874890437696	0.465463946283408	#00B0F6
#E76BF3	0.210725748682085	0.483695505294497	#E76BF3
#F8766D	0.561732967733272	0.367389088710015	#F8766D
#00B0F6	0.552168529475633	0.547298051079338	#00B0F6
#00BF7D	0.440551211342004	0.462447704438849	#00BF7D
#F8766D	0.590172182850475	0.471357589711765	#F8766D
#A3A500	0.458277806176004	0.485028814990436	#A3A500
#00BF7D	0.430603798353168	0.461331330032626	#00BF7D
#00BF7D	0.447487178655046	0.467147462486152	#00BF7D
#A3A500	0.365489300608019	0.608710418745279	#A3A500
#00BF7D	0.470984147033574	0.46114805037582	#00BF7D
#A3A500	0.406553421981524	0.468036439490599	#A3A500
#00B0F6	0.545508968949304	0.448822263920868	#00B0F6
#E76BF3	0.130395182308193	0.495060363083315	#E76BF3
#00BF7D	0.491869600671267	0.564060044943034	#00BF7D
#00B0F6	0.632667305200553	0.57422875512766	#00B0F6
#00B0F6	0.651080321497292	0.452592683916935	#00B0F6
#F8766D	0.591439578201895	0.366433096003605	#F8766D
#A3A500	0.391261785124862	0.477142790721558	#A3A500
#A3A500	0.440961838447509	0.608034559850166	#A3A500
#00BF7D	0.355536942828831	0.468273479569578	#00BF7D
#A3A500	0.488026457836983	0.483356613495418	#A3A500
#00BF7D	0.474188242576405	0.46564641765865	#00BF7D
#00BF7D	0.496252256720398	0.461839464949471	#00BF7D
#00BF7D	0.47532984627328	0.558951721826202	#00BF7D
#00B0F6	0.578395325682705	0.563507382001946	#00B0F6
#00B0F6	0.609543750834098	0.461617756321588	#00B0F6
#00B0F6	0.599864889561012	0.458833731888935	#00B0F6
#F8766D	0.532580870028749	0.476881340918757	#F8766D
#A3A500	0.479626826598225	0.373605802075235	#A3A500
#00B0F6	0.588865897271877	0.460721587272769	#00B0F6
#00B0F6	0.569316481881315	0.461380447701068	#00B0F6
#00B0F6	0.580655352991202	0.45034073602042	#00B0F6
#F8766D	0.573604920765576	0.379545254928734	#F8766D
#F8766D	0.59001206279749	0.360450078656317	#F8766D
#00B0F6	0.584629097437019	0.568513255833397	#00B0F6
#00B0F6	0.55692314847441	0.459654441469777	#00B0F6
#00BF7D	0.383845239025225	0.469293348494698	#00BF7D
#00BF7D	0.467769959593917	0.577473040034004	#00BF7D
#00BF7D	0.456053735058877	0.561169803373523	#00BF7D
#E76BF3	0.240969781589757	0.484173765941067	#E76BF3
#00BF7D	0.395673414536576	0.459040468892405	#00BF7D
#00BF7D	0.3752546013118	0.354367098474226	#00BF7D
#00B0F6	0.621801412859784	0.357168259330797	#00B0F6
#00BF7D	0.457244590546485	0.45645560380403	#00BF7D
#A3A500	0.431645880888407	0.486819176698261	#A3A500
#00B0F6	0.612989845730143	0.452763112434733	#00B0F6
#A3A500	0.473661564662525	0.483529541974951	#A3A500
